[gd_scene format=3 uid="uid://dcukhlewf4ln5"]

[node name="Node3D" type="Node3D"]

[node name="Fox@Fox@root@Skeleton3D@b_LeftHand_011" type="BoneAttachment3D" parent="."]
transform = Transform3D(0.0429583, 0.00821654, -0.999044, -0.834276, -0.549866, -0.0403959, -0.549672, 0.835213, -0.0167663, 6.94372, 6.69456, 21.2082)
bone_name = "b_LeftHand_011"
bone_idx = 12
use_external_skeleton = true
external_skeleton = NodePath("..")

[node name="Fox@Fox@root@Skeleton3D@b_RightHand_08" type="BoneAttachment3D" parent="."]
transform = Transform3D(-0.0277436, -0.00411491, -0.999607, -0.834748, -0.550045, 0.0254322, -0.549933, 0.835126, 0.0118254, -6.96674, 6.69842, 17.8282)
bone_name = "b_RightHand_08"
bone_idx = 9
use_external_skeleton = true
external_skeleton = NodePath("..")

[node name="Fox@Fox@root@Skeleton3D@b_LeftFoot02_018" type="BoneAttachment3D" parent="."]
transform = Transform3D(0.000139819, -0.000122696, -1, -0.996296, -0.0859978, -0.00012897, -0.0859977, 0.996296, -0.00013423, 13.429, 0.993836, -34.611)
bone_name = "b_LeftFoot02_018"
bone_idx = 19
use_external_skeleton = true
external_skeleton = NodePath("..")

[node name="Fox@Fox@root@Skeleton3D@b_RightFoot02_022" type="BoneAttachment3D" parent="."]
transform = Transform3D(0.000212744, 0.000328839, -1, -0.996216, -0.0869151, -0.000240758, -0.0869151, 0.996216, 0.000309139, -6.9663, 0.980061, -32.8862)
bone_name = "b_RightFoot02_022"
bone_idx = 23
use_external_skeleton = true
external_skeleton = NodePath("..")

[node name="Fox@Fox@root@Skeleton3D@b_Head_05" type="BoneAttachment3D" parent="."]
transform = Transform3D(0.000826538, -0.000779867, -1, -0.912355, -0.409401, -0.000434801, -0.4094, 0.912355, -0.00104991, 0.00164318, 50.3375, 41.2058)
bone_name = "b_Head_05"
bone_idx = 6
use_external_skeleton = true
external_skeleton = NodePath("..")

[node name="Fox@Fox@root@Skeleton3D@b_Hip_01" type="BoneAttachment3D" parent="."]
transform = Transform3D(-0.305121, -0.106016, -0.946395, -0.686618, 0.713119, 0.141483, 0.659893, 0.692981, -0.29038, -3.50226e-05, 45.2709, -29.2913)
bone_name = "b_Hip_01"
bone_idx = 2
use_external_skeleton = true
external_skeleton = NodePath("..")

[node name="Fox@Fox@root@Skeleton3D@_rootjoint" type="BoneAttachment3D" parent="."]
transform = Transform3D(0.999254, -0.0380225, -0.00682879, 0.0384185, 0.996621, 0.072605, 0.00404509, -0.0728132, 0.997337, 2.78354e-05, 4.62581, 0.863101)
bone_name = "_rootJoint"
bone_idx = 0
use_external_skeleton = true
external_skeleton = NodePath("..")

[node name="b_LeftHand_011" type="Position3D" parent="."]
transform = Transform3D(0.0427154, 0.00805, -0.999221, -0.834392, -0.550022, -0.0401027, -0.549802, 0.835323, -0.0167754, 6.94327, 6.69155, 21.2082)

[node name="b_RightHand_08" type="Position3D" parent="."]
transform = Transform3D(-0.0278457, -0.00409623, -0.999622, -0.835139, -0.549515, 0.0255163, -0.54941, 0.835546, 0.011881, -6.96732, 6.69442, 17.8276)

[node name="b_LeftFoot02_018" type="Position3D" parent="."]
transform = Transform3D(-2.2874e-05, -0.00015122, -0.999999, -0.996369, -0.0858122, 3.57216e-05, -0.0858224, 0.996379, -0.000148765, 13.4305, 0.99156, -34.6126)

[node name="b_RightFoot02_022" type="Position3D" parent="."]
transform = Transform3D(1.83029e-05, 0.000307959, -1, -0.996168, -0.0866249, -4.49496e-05, -0.0866281, 0.996225, 0.000305168, -6.9653, 0.98368, -32.8872)

[node name="b_Head_05" type="Position3D" parent="."]
transform = Transform3D(-3.01789e-06, 8.72272e-06, -1, -0.912707, -0.408657, -8.29736e-07, -0.40866, 0.912715, 9.12724e-06, -0.000247517, 50.3372, 41.2088)

[node name="b_Hip_01" type="Position3D" parent="."]
transform = Transform3D(-1.14229e-05, 1.06772e-06, -1, 0.401717, 0.915774, -3.64507e-06, 0.915778, -0.401716, -1.09528e-05, -0.000217107, 42.938, -27.5653)

[node name="_rootjoint" type="Position3D" parent="."]
transform = Transform3D(1, 0, 0, 0, 1, 0, 0, 0, 1, 0, 11.5905, 0)
