[gd_scene load_steps=4 format=3 uid="uid://1be7nrax7mb3"]

[ext_resource type="PackedScene" uid="uid://daav1dqydvgob" path="res://ewbik_samples/art/Fox.glb" id="1_wdbs2"]

[sub_resource type="SkeletonModification3DEWBIK" id="SkeletonModification3DEWBIK_edkch"]
budget_millisecond = 4.0
root_bone = &"_rootJoint"
default_damp = 0.872665
pin_count = 6
pins/0/name = "b_Head_05"
pins/0/target_node = NodePath("../../../Head")
pins/0/use_node_rotation = false
pins/0/depth_falloff = 1.0
pins/0/priority = null
pins/0/weight_translation = null
pins/0/weight_x_direction = null
pins/0/weight_y_direction = null
pins/0/weight_z_direction = null
pins/1/name = "b_LeftHand_011"
pins/1/target_node = NodePath("../../../LeftHand")
pins/1/use_node_rotation = false
pins/1/depth_falloff = 1.0
pins/1/priority = null
pins/1/weight_translation = null
pins/1/weight_x_direction = null
pins/1/weight_y_direction = null
pins/1/weight_z_direction = null
pins/2/name = "b_RightHand_08"
pins/2/target_node = NodePath("../../../RightHand")
pins/2/use_node_rotation = false
pins/2/depth_falloff = 1.0
pins/2/priority = null
pins/2/weight_translation = null
pins/2/weight_x_direction = null
pins/2/weight_y_direction = null
pins/2/weight_z_direction = null
pins/3/name = "b_RightFoot02_022"
pins/3/target_node = NodePath("../../../RightFoot")
pins/3/use_node_rotation = false
pins/3/depth_falloff = 1.0
pins/3/priority = null
pins/3/weight_translation = null
pins/3/weight_x_direction = null
pins/3/weight_y_direction = null
pins/3/weight_z_direction = null
pins/4/name = "b_LeftFoot02_018"
pins/4/target_node = NodePath("../../../LeftFoot")
pins/4/use_node_rotation = false
pins/4/depth_falloff = 1.0
pins/4/priority = null
pins/4/weight_translation = null
pins/4/weight_x_direction = null
pins/4/weight_y_direction = null
pins/4/weight_z_direction = null
pins/5/name = "b_Hip_01"
pins/5/target_node = NodePath("../../../Hips")
pins/5/use_node_rotation = false
pins/5/depth_falloff = 0.0
pins/5/priority = null
pins/5/weight_translation = null
pins/5/weight_x_direction = null
pins/5/weight_y_direction = null
pins/5/weight_z_direction = null

[sub_resource type="SkeletonModificationStack3D" id="SkeletonModificationStack3D_yghlv"]
enabled = true
modification_count = 1
modifications/0 = SubResource("SkeletonModification3DEWBIK_edkch")

[node name="Node3D" type="Node3D"]

[node name="Fox" parent="." instance=ExtResource("1_wdbs2")]

[node name="Skeleton3D" parent="Fox/root" index="0"]
bones/0/position = Vector3(0.50236, 0.441186, -0.207003)
bones/0/rotation = Quaternion(0.509795, 0.000763656, 0.0531291, 0.858654)
bones/0/scale = Vector3(1, 1, 1)
bones/1/rotation = Quaternion(-0.0448067, -0.0206743, 0.714831, 0.697554)
bones/2/position = Vector3(3.41982e-05, 0.506126, 1.66893e-05)
bones/2/rotation = Quaternion(-0.692771, 0.000883149, -0.082104, 0.716468)
bones/2/scale = Vector3(1, 1, 1)
bones/3/position = Vector3(0.0901356, 0.0919136, -2.12563e-05)
bones/3/rotation = Quaternion(-0.00407763, -0.00191713, 0.89569, -0.444656)
bones/3/scale = Vector3(1, 1, 1)
bones/4/position = Vector3(-3.92199e-05, 0.216773, -8.3819e-08)
bones/4/rotation = Quaternion(-0.00120551, -0.00232075, 0.117609, 0.993057)
bones/4/scale = Vector3(1, 1, 1)
bones/5/position = Vector3(-0.0347332, 0.254556, 7.84639e-08)
bones/5/rotation = Quaternion(-0.00543328, 0.0160102, 0.272612, 0.961976)
bones/5/scale = Vector3(1, 1, 1)
bones/6/position = Vector3(2.61664e-05, 0.133883, -9.31323e-09)
bones/6/rotation = Quaternion(0.00717686, -0.0175032, -0.380119, 0.924744)
bones/6/scale = Vector3(1, 1, 1)
bones/7/position = Vector3(0.0173239, 0.191081, 0.0697755)
bones/7/rotation = Quaternion(-0.00378622, -0.00333994, -0.779673, 0.626166)
bones/7/scale = Vector3(1, 1, 1)
bones/8/position = Vector3(3.75062e-05, 0.230597, -2.90573e-07)
bones/8/rotation = Quaternion(0.00561075, 0.00534077, 0.233033, 0.972438)
bones/8/scale = Vector3(1, 1, 1)
bones/9/position = Vector3(1.89394e-05, 0.193636, -5.8338e-06)
bones/9/rotation = Quaternion(0.00482835, -0.0109379, 0.359682, 0.932998)
bones/9/scale = Vector3(1, 1, 1)
bones/10/position = Vector3(0.0173165, 0.191077, -0.0697805)
bones/10/rotation = Quaternion(0.0096417, -0.00407122, -0.777614, 0.628654)
bones/10/scale = Vector3(1, 1, 1)
bones/11/position = Vector3(3.01301e-05, 0.230607, 7.32392e-06)
bones/11/rotation = Quaternion(-0.0154064, -0.0022487, 0.226565, 0.973872)
bones/11/scale = Vector3(1, 1, 1)
bones/12/position = Vector3(8.59797e-06, 0.193659, 6.16163e-06)
bones/12/rotation = Quaternion(-0.00540957, 0.0140556, 0.362587, 0.931828)
bones/12/scale = Vector3(1, 1, 1)
bones/13/rotation = Quaternion(5.30248e-06, -3.58736e-06, 0.837099, 0.547052)
bones/15/rotation = Quaternion(0, 0, -0.0538328, 0.99855)
bones/16/position = Vector3(-0.00285295, 0.0711309, -0.0697338)
bones/16/rotation = Quaternion(-0.0715449, 0.0123185, 0.88004, 0.469319)
bones/16/scale = Vector3(1, 1, 1)
bones/17/position = Vector3(-3.32594e-05, 0.189578, 6.9961e-06)
bones/17/rotation = Quaternion(-0.0175141, -0.00191305, 0.294852, 0.955381)
bones/17/scale = Vector3(1, 1, 1)
bones/18/position = Vector3(5.76079e-05, 0.179566, -1.49384e-06)
bones/18/rotation = Quaternion(-0.00376853, -0.0126598, 0.19414, 0.980885)
bones/18/scale = Vector3(1, 1, 1)
bones/19/position = Vector3(-9.98378e-06, 0.157949, -4.32134e-07)
bones/19/rotation = Quaternion(-0.0486463, -0.0349992, 0.504285, 0.861456)
bones/19/scale = Vector3(1, 1, 1)
bones/20/position = Vector3(-0.00337788, 0.0702001, 0.069642)
bones/20/rotation = Quaternion(0.0658052, -0.00757783, 0.879322, 0.471599)
bones/20/scale = Vector3(1, 1, 1)
bones/21/position = Vector3(-3.21269e-05, 0.189583, -5.25638e-06)
bones/21/rotation = Quaternion(0.0160398, -0.00370221, 0.296774, 0.954806)
bones/21/scale = Vector3(1, 1, 1)
bones/22/position = Vector3(2.41697e-05, 0.179582, 8.19564e-08)
bones/22/rotation = Quaternion(-0.00175537, 0.0110722, 0.19877, 0.979982)
bones/22/scale = Vector3(1, 1, 1)
bones/23/position = Vector3(-2.71499e-05, 0.157995, 5.11855e-06)
bones/23/rotation = Quaternion(0.0524267, 0.0337852, 0.500588, 0.863436)
bones/23/scale = Vector3(1, 1, 1)
modification_stack = SubResource("SkeletonModificationStack3D_yghlv")

[node name="LeftHand" type="BoneAttachment3D" parent="."]
transform = Transform3D(0.0427082, 0.00805286, -0.999055, -0.834266, -0.549902, -0.0400962, -0.549706, 0.83519, -0.0167672, 0.0694305, 0.066946, 0.178388)
bone_name = "b_LeftHand_011"
bone_idx = 12

[node name="RightHand" type="BoneAttachment3D" parent="."]
transform = Transform3D(-0.0278453, -0.00409404, -0.999604, -0.835119, -0.549478, 0.0255138, -0.549365, 0.835498, 0.0118813, -0.0696752, 0.0669464, 0.178278)
bone_name = "b_RightHand_08"
bone_idx = 9

[node name="LeftFoot" type="BoneAttachment3D" parent="."]
transform = Transform3D(-2.03557e-05, -0.000151513, -1, -0.996309, -0.0858317, 3.32524e-05, -0.0858316, 0.99631, -0.000149269, 0.0696534, 0.00992602, -0.328905)
bone_name = "b_LeftFoot02_018"
bone_idx = 19

[node name="RightFoot" type="BoneAttachment3D" parent="."]
transform = Transform3D(1.97434e-05, 0.000307267, -1, -0.996239, -0.0866506, -4.63269e-05, -0.0866506, 0.996239, 0.000304338, -0.0696533, 0.00984621, -0.328871)
bone_name = "b_RightFoot02_022"
bone_idx = 23

[node name="Head" type="BoneAttachment3D" parent="."]
transform = Transform3D(2.54056e-07, 1.01437e-06, -1, -0.974152, -0.225894, -5.09387e-07, -0.225894, 0.974152, 8.68354e-07, 5.07897e-07, 0.607255, 0.361544)
bone_name = "b_Head_05"
bone_idx = 6

[node name="Hips" type="BoneAttachment3D" parent="."]
transform = Transform3D(-4.29153e-06, 1.09971e-05, -1, 0.401677, 0.915782, 8.31433e-06, 0.915782, -0.401677, -8.40978e-06, 7.20033e-09, 0.429381, -0.267486)
bone_name = "b_Hip_01"
bone_idx = 2

[editable path="Fox"]
