[gd_scene load_steps=3 format=3 uid="uid://1be7nrax7mb3"]

[ext_resource type="PackedScene" uid="uid://daav1dqydvgob" path="res://ewbik_samples/art/Fox.glb" id="1_wdbs2"]

[sub_resource type="SkeletonModificationStack3D" id="SkeletonModificationStack3D_yghlv"]
enabled = true

[node name="Node3D" type="Node3D"]

[node name="Fox" parent="." instance=ExtResource("1_wdbs2")]

[node name="Skeleton3D" parent="Fox/root" index="0"]
bones/1/rotation = Quaternion(-0.274976, 0, 0, 0.961451)
bones/3/rotation = Quaternion(9.80752e-07, 6.32555e-06, -0.852017, 0.523514)
bones/4/rotation = Quaternion(-3.42224e-06, -3.54357e-06, -0.0503512, 0.998732)
bones/7/rotation = Quaternion(0.000413433, 0.000501401, -0.662993, 0.748625)
bones/8/rotation = Quaternion(0, 0, 0.0333561, 0.999444)
bones/9/rotation = Quaternion(0.00791281, -0.0119781, 0.460562, 0.887511)
bones/12/rotation = Quaternion(-0.014138, 0.0164117, 0.460076, 0.887616)
bones/13/rotation = Quaternion(5.30177e-06, -3.58688e-06, 0.837099, 0.547052)
bones/15/rotation = Quaternion(0, 0, -0.0538328, 0.99855)
bones/16/rotation = Quaternion(0.00016226, -7.05107e-05, 0.989829, 0.142265)
bones/17/rotation = Quaternion(0, 0, -0.368044, 0.929808)
bones/18/rotation = Quaternion(-2.45615e-11, 0.000248411, 0.458484, 0.888703)
bones/20/rotation = Quaternion(3.2892e-06, -5.49141e-06, 0.989862, 0.142032)
bones/21/rotation = Quaternion(0, 0, -0.368044, 0.929808)
bones/22/rotation = Quaternion(0, -0.000153455, 0.457909, 0.888999)
modification_stack = SubResource("SkeletonModificationStack3D_yghlv")

[node name="EWBIK" type="EWBIK" parent="Fox/root/Skeleton3D" index="1"]

[node name="LeftHand" type="BoneAttachment3D" parent="."]
transform = Transform3D(0.0427082, 0.00805286, -0.999055, -0.834266, -0.549902, -0.0400962, -0.549706, 0.83519, -0.0167672, 0.0694305, 0.066946, 0.178388)
bone_name = "b_LeftHand_011"
bone_idx = 12

[node name="RightHand" type="BoneAttachment3D" parent="."]
transform = Transform3D(-0.0278453, -0.00409404, -0.999604, -0.835119, -0.549478, 0.0255138, -0.549365, 0.835498, 0.0118813, -0.0696752, 0.0669464, 0.178278)
bone_name = "b_RightHand_08"
bone_idx = 9

[node name="LeftFoot" type="BoneAttachment3D" parent="."]
transform = Transform3D(-2.03557e-05, -0.000151513, -1, -0.996309, -0.0858317, 3.32524e-05, -0.0858316, 0.99631, -0.000149269, 0.0696534, 0.00992602, -0.328905)
bone_name = "b_LeftFoot02_018"
bone_idx = 19

[node name="RightFoot" type="BoneAttachment3D" parent="."]
transform = Transform3D(1.97434e-05, 0.000307267, -1, -0.996239, -0.0866506, -4.63269e-05, -0.0866506, 0.996239, 0.000304338, -0.0696533, 0.00984621, -0.328871)
bone_name = "b_RightFoot02_022"
bone_idx = 23

[node name="Head" type="BoneAttachment3D" parent="."]
transform = Transform3D(2.54056e-07, 1.01437e-06, -1, -0.974152, -0.225894, -5.09387e-07, -0.225894, 0.974152, 8.68354e-07, 5.07897e-07, 0.607255, 0.361544)
bone_name = "b_Head_05"
bone_idx = 6

[node name="Hips" type="BoneAttachment3D" parent="."]
transform = Transform3D(-4.29153e-06, 1.09971e-05, -1, 0.401677, 0.915782, 8.31433e-06, 0.915782, -0.401677, -8.40978e-06, 7.20033e-09, 0.429381, -0.267486)
bone_name = "b_Hip_01"
bone_idx = 2

[editable path="Fox"]
