[gd_scene load_steps=4 format=3 uid="uid://1be7nrax7mb3"]

[ext_resource type="PackedScene" uid="uid://daav1dqydvgob" path="res://ewbik_samples/art/Fox.glb" id="1_wdbs2"]

[sub_resource type="SkeletonModification3DEWBIK" id="SkeletonModification3DEWBIK_edkch"]
budget_millisecond = 4.0
root_bone = "_rootJoint"
default_damp = 0.872665
pin_count = 6
pins/0/name = "b_Head_05"
pins/0/target_node = NodePath("../../../Head")
pins/0/use_node_rotation = false
pins/0/depth_falloff = 1.0
pins/0/priority = null
pins/0/weight_translation = null
pins/0/weight_x_direction = null
pins/0/weight_y_direction = null
pins/0/weight_z_direction = null
pins/1/name = "b_LeftHand_011"
pins/1/target_node = NodePath("../../../LeftHand")
pins/1/use_node_rotation = false
pins/1/depth_falloff = 1.0
pins/1/priority = null
pins/1/weight_translation = null
pins/1/weight_x_direction = null
pins/1/weight_y_direction = null
pins/1/weight_z_direction = null
pins/2/name = "b_RightHand_08"
pins/2/target_node = NodePath("../../../RightHand")
pins/2/use_node_rotation = false
pins/2/depth_falloff = 1.0
pins/2/priority = null
pins/2/weight_translation = null
pins/2/weight_x_direction = null
pins/2/weight_y_direction = null
pins/2/weight_z_direction = null
pins/3/name = "b_RightFoot02_022"
pins/3/target_node = NodePath("../../../RightFoot")
pins/3/use_node_rotation = false
pins/3/depth_falloff = 1.0
pins/3/priority = null
pins/3/weight_translation = null
pins/3/weight_x_direction = null
pins/3/weight_y_direction = null
pins/3/weight_z_direction = null
pins/4/name = "b_LeftFoot02_018"
pins/4/target_node = NodePath("../../../LeftFoot")
pins/4/use_node_rotation = false
pins/4/depth_falloff = 1.0
pins/4/priority = null
pins/4/weight_translation = null
pins/4/weight_x_direction = null
pins/4/weight_y_direction = null
pins/4/weight_z_direction = null
pins/5/name = "b_Hip_01"
pins/5/target_node = NodePath("../../../Hips")
pins/5/use_node_rotation = false
pins/5/depth_falloff = 0.0
pins/5/priority = null
pins/5/weight_translation = null
pins/5/weight_x_direction = null
pins/5/weight_y_direction = null
pins/5/weight_z_direction = null

[sub_resource type="SkeletonModificationStack3D" id="SkeletonModificationStack3D_yghlv"]
enabled = true
modification_count = 1
modifications/0 = SubResource( "SkeletonModification3DEWBIK_edkch" )

[node name="Node3D" type="Node3D"]

[node name="Fox" parent="." instance=ExtResource( "1_wdbs2" )]

[node name="Skeleton3D" parent="Fox/root" index="0"]
bones/0/position = Vector3(0.502287, 0.441189, -0.207005)
bones/0/rotation = Quaternion(0.509799, 0.000706403, 0.0531824, 0.858648)
bones/0/scale = Vector3(1, 1, 1)
bones/1/rotation = Quaternion(-0.0447945, -0.0206528, 0.714779, 0.697608)
bones/1/scale = Vector3(1, 1, 1)
bones/2/position = Vector3(2.65837e-05, 0.506053, 1.65701e-05)
bones/2/rotation = Quaternion(-0.692771, 0.00088305, -0.082104, 0.716468)
bones/2/scale = Vector3(1, 1, 1)
bones/3/position = Vector3(0.0901105, 0.0919006, -2.12552e-05)
bones/3/rotation = Quaternion(0.00433068, 0.00209871, -0.809892, 0.586559)
bones/3/scale = Vector3(1, 1, 1)
bones/4/position = Vector3(1.93715e-05, 0.216743, -3.58559e-08)
bones/4/rotation = Quaternion(0.000923007, -0.0042105, -0.209041, 0.977897)
bones/4/scale = Vector3(1, 1, 1)
bones/5/position = Vector3(-0.0347145, 0.254555, 9.62755e-08)
bones/5/rotation = Quaternion(-0.0137035, 0.0183634, 0.463443, 0.885831)
bones/5/scale = Vector3(1, 1, 1)
bones/6/position = Vector3(2.72393e-05, 0.133904, 3.07336e-08)
bones/6/rotation = Quaternion(0.0118925, -0.0193313, -0.419888, 0.907292)
bones/6/scale = Vector3(1, 1, 1)
bones/7/position = Vector3(0.0173534, 0.19108, 0.0697611)
bones/7/rotation = Quaternion(-0.00424271, -0.00397152, -0.59936, 0.800458)
bones/7/scale = Vector3(1, 1, 1)
bones/8/position = Vector3(4.10676e-05, 0.230531, -4.4778e-06)
bones/8/rotation = Quaternion(0.00216449, 0.00435151, 0.0684672, 0.997642)
bones/8/scale = Vector3(1, 1, 1)
bones/9/position = Vector3(1.5229e-05, 0.193638, -5.78165e-06)
bones/9/rotation = Quaternion(0.00782654, -0.0111517, 0.430974, 0.902261)
bones/9/scale = Vector3(1, 1, 1)
bones/10/position = Vector3(0.0173436, 0.191076, -0.0697674)
bones/10/rotation = Quaternion(-0.000627047, -0.00523876, -0.598036, 0.801452)
bones/10/scale = Vector3(1, 1, 1)
bones/11/position = Vector3(3.90857e-05, 0.230564, 9.72301e-06)
bones/11/rotation = Quaternion(-0.00501714, 0.00452958, 0.0644932, 0.997895)
bones/11/scale = Vector3(1, 1, 1)
bones/12/position = Vector3(8.89599e-06, 0.193628, 3.67314e-06)
bones/12/rotation = Quaternion(-0.0104197, 0.0154054, 0.432786, 0.901305)
bones/12/scale = Vector3(1, 1, 1)
bones/13/rotation = Quaternion(5.30248e-06, -3.58736e-06, 0.837099, 0.547052)
bones/15/rotation = Quaternion(0, 0, -0.0538328, 0.99855)
bones/16/position = Vector3(-0.00290509, 0.0709953, -0.0697261)
bones/16/rotation = Quaternion(-0.071555, 0.0123109, 0.879847, 0.469678)
bones/16/scale = Vector3(1, 1, 1)
bones/17/position = Vector3(-2.42591e-05, 0.189568, 5.24148e-06)
bones/17/rotation = Quaternion(-0.0175556, -0.00190885, 0.295293, 0.955244)
bones/18/position = Vector3(5.52237e-05, 0.179588, -8.97795e-07)
bones/18/rotation = Quaternion(-0.0037689, -0.0126545, 0.19455, 0.980804)
bones/18/scale = Vector3(1, 1, 1)
bones/19/position = Vector3(-2.11298e-05, 0.157888, -2.88337e-06)
bones/19/rotation = Quaternion(-0.0486806, -0.0350014, 0.503869, 0.861697)
bones/19/scale = Vector3(1, 1, 1)
bones/20/position = Vector3(-0.00333321, 0.0703307, 0.0696621)
bones/20/rotation = Quaternion(0.0658294, -0.00760166, 0.879519, 0.471228)
bones/20/scale = Vector3(1, 1, 1)
bones/21/position = Vector3(-1.75834e-05, 0.189558, -5.81145e-06)
bones/21/rotation = Quaternion(0.0160133, -0.00370077, 0.296745, 0.954815)
bones/21/scale = Vector3(1, 1, 1)
bones/22/position = Vector3(2.15173e-05, 0.179574, 2.42144e-07)
bones/22/rotation = Quaternion(-0.00177239, 0.0110892, 0.197619, 0.980215)
bones/22/scale = Vector3(1, 1, 1)
bones/23/position = Vector3(-3.22461e-05, 0.157933, 1.73599e-06)
bones/23/rotation = Quaternion(0.052414, 0.0337949, 0.501261, 0.863046)
bones/23/scale = Vector3(1, 1, 1)
modification_stack = SubResource( "SkeletonModificationStack3D_yghlv" )

[node name="LeftHand" type="BoneAttachment3D" parent="."]
transform = Transform3D(0.0427082, 0.00805286, -0.999055, -0.834266, -0.549902, -0.0400962, -0.549706, 0.83519, -0.0167672, 0.0694305, 0.066946, 0.178388)
bone_name = "b_LeftHand_011"
bone_idx = 12

[node name="RightHand" type="BoneAttachment3D" parent="."]
transform = Transform3D(-0.0278453, -0.00409404, -0.999604, -0.835119, -0.549478, 0.0255138, -0.549365, 0.835498, 0.0118813, -0.0696752, 0.0669464, 0.178278)
bone_name = "b_RightHand_08"
bone_idx = 9

[node name="LeftFoot" type="BoneAttachment3D" parent="."]
transform = Transform3D(-2.03557e-05, -0.000151513, -1, -0.996309, -0.0858317, 3.32524e-05, -0.0858316, 0.99631, -0.000149269, 0.0696534, 0.00992602, -0.328905)
bone_name = "b_LeftFoot02_018"
bone_idx = 19

[node name="RightFoot" type="BoneAttachment3D" parent="."]
transform = Transform3D(1.97434e-05, 0.000307267, -1, -0.996239, -0.0866506, -4.63269e-05, -0.0866506, 0.996239, 0.000304338, -0.0696533, 0.00984621, -0.328871)
bone_name = "b_RightFoot02_022"
bone_idx = 23

[node name="Head" type="BoneAttachment3D" parent="."]
transform = Transform3D(2.54056e-07, 1.01437e-06, -1, -0.974152, -0.225894, -5.09387e-07, -0.225894, 0.974152, 8.68354e-07, 5.07897e-07, 0.607255, 0.361544)
bone_name = "b_Head_05"
bone_idx = 6

[node name="Hips" type="BoneAttachment3D" parent="."]
transform = Transform3D(-4.29153e-06, 1.09971e-05, -1, 0.401677, 0.915782, 8.31433e-06, 0.915782, -0.401677, -8.40978e-06, 7.20033e-09, 0.429381, -0.267486)
bone_name = "b_Hip_01"
bone_idx = 2

[editable path="Fox"]
