[gd_scene load_steps=2 format=3 uid="uid://lb5loufrcng6"]

[ext_resource type="PackedScene" uid="uid://c6m0vucsftrcl" path="res://ewbik_samples/art/SK_fire_rabbit_rev_06.vrm" id="1_cs2oo"]

[node name="SK_fire_rabbit_rev_06" instance=ExtResource("1_cs2oo")]

[node name="GeneralSkeleton" parent="." index="0"]
bones/0/position = Vector3(0.0100643, 0.0682219, -0.308537)
bones/0/rotation = Quaternion(0.143896, -0.00241935, 0.0419087, 0.988702)
bones/0/scale = Vector3(1, 1, 1)
bones/1/position = Vector3(-1.40723e-06, 0.919756, -0.000184387)
bones/1/rotation = Quaternion(-0.577484, 0.000222173, 0.813637, -0.0671376)
bones/1/scale = Vector3(1, 1, 1)
bones/2/position = Vector3(2.55406e-05, -0.0480567, -0.0219981)
bones/2/rotation = Quaternion(0.838184, 0.0198084, -0.507355, -0.199116)
bones/2/scale = Vector3(1, 1, 1)
bones/3/position = Vector3(7.83056e-06, 0.113625, -2.3216e-05)
bones/3/rotation = Quaternion(0.030825, -0.000346417, 0.0030936, 0.99952)
bones/3/scale = Vector3(1, 1, 1)
bones/4/position = Vector3(1.131e-05, 0.110087, 0.000116229)
bones/4/rotation = Quaternion(0.0935838, -0.00216485, 0.0904451, 0.991492)
bones/4/scale = Vector3(1, 1, 1)
bones/5/rotation = Quaternion(0.547924, -0.0182997, -0.304804, 0.778806)
bones/7/rotation = Quaternion(0.547924, 0.0182997, 0.304804, 0.778806)
bones/7/scale = Vector3(1, 1, 1)
bones/9/position = Vector3(1.9744e-05, 0.127032, -0.0540622)
bones/9/rotation = Quaternion(-0.0494646, -0.000746571, 0.109334, 0.992773)
bones/9/scale = Vector3(1, 1, 1)
bones/10/position = Vector3(4.02629e-05, 0.0752906, -5.87106e-05)
bones/10/rotation = Quaternion(0.0377593, -0.00147069, 0.184037, 0.982193)
bones/10/scale = Vector3(1, 1, 1)
bones/11/position = Vector3(0.0154525, 0.0644041, -0.012044)
bones/11/rotation = Quaternion(0.423686, -0.000537323, 0.530765, 0.734016)
bones/11/scale = Vector3(1, 1, 1)
bones/12/position = Vector3(-0.0193431, 0.0633792, -0.0118177)
bones/12/rotation = Quaternion(0.415208, -0.000514864, 0.535268, 0.735588)
bones/12/scale = Vector3(1, 1, 1)
bones/13/rotation = Quaternion(0.933561, 0.0272155, 0.0478476, 0.354166)
bones/13/scale = Vector3(1, 1, 1)
bones/15/rotation = Quaternion(-0.174813, -0.237476, -0.0366991, 0.954829)
bones/17/rotation = Quaternion(0.931841, 0.00607192, -0.0314792, 0.361448)
bones/17/scale = Vector3(1, 1, 1)
bones/18/rotation = Quaternion(-0.173841, 0.204891, 0.0284964, 0.962802)
bones/19/rotation = Quaternion(-0.175736, 0.24765, 0.040765, 0.951906)
bones/19/scale = Vector3(1, 1, 1)
bones/21/rotation = Quaternion(-0.471206, 0.219429, 0.85175, 0.0658623)
bones/21/scale = Vector3(1, 1, 1)
bones/22/rotation = Quaternion(-0.00312132, 0.0290641, -0.00689831, 0.999549)
bones/22/scale = Vector3(1, 1, 1)
bones/23/rotation = Quaternion(1.11759e-08, 1.49012e-08, -1.66533e-16, 1)
bones/25/rotation = Quaternion(-0.0017747, -0.0997111, 0.0197226, 0.994819)
bones/25/scale = Vector3(1, 1, 1)
bones/27/rotation = Quaternion(0.850675, 0.144908, 0.494793, 0.102635)
bones/27/scale = Vector3(1, 1, 1)
bones/28/rotation = Quaternion(0.00654607, 0.155576, -0.0165725, 0.987663)
bones/28/scale = Vector3(1, 1, 1)
bones/30/rotation = Quaternion(-0.00810477, 0.256968, 0.965784, 0.0340969)
bones/30/scale = Vector3(1, 1, 1)
bones/31/rotation = Quaternion(0.00729345, -0.145506, 0.017013, 0.989184)
bones/33/rotation = Quaternion(0.645213, 0.205441, 0.734161, 0.0500211)
bones/34/rotation = Quaternion(-0.0156033, -0.0268389, -0.0141071, 0.999418)
bones/35/rotation = Quaternion(-7.45058e-09, 2.98023e-08, 3.72529e-09, 1)
bones/36/rotation = Quaternion(0.0480574, 0.253929, 0.951097, -0.169192)
bones/37/rotation = Quaternion(0.0560437, 0.334508, 0.186467, 0.92206)
bones/37/scale = Vector3(1, 1, 1)
bones/38/rotation = Quaternion(7.45057e-09, -1.04308e-07, 7.45058e-09, 1)
bones/39/rotation = Quaternion(0.05025, 0.255273, 0.956018, 0.135426)
bones/39/scale = Vector3(1, 1, 1)
bones/40/rotation = Quaternion(0.0194386, -0.284681, -0.211636, 0.934767)
bones/42/rotation = Quaternion(-0.248807, 0.241105, 0.920217, -0.182112)
bones/42/scale = Vector3(1, 1, 1)
bones/43/rotation = Quaternion(-0.0476997, 0.414598, 0.303926, 0.856424)
bones/45/rotation = Quaternion(0.564359, 0.200191, 0.719149, 0.352487)
bones/47/rotation = Quaternion(2.23517e-08, -9.99201e-16, -4.47035e-08, 1)
bones/48/position = Vector3(0.0224423, 0.10118, -0.0425335)
bones/48/rotation = Quaternion(0.520245, -0.00233811, -0.623668, 0.583419)
bones/48/scale = Vector3(1, 1, 1)
bones/49/position = Vector3(4.44055e-06, 0.0871052, 3.17097e-05)
bones/49/rotation = Quaternion(0.275607, -0.0014161, 0.202462, 0.939706)
bones/49/scale = Vector3(1, 1, 1)
bones/50/position = Vector3(-1.81198e-05, 0.219994, -1.22786e-05)
bones/50/rotation = Quaternion(0.0244547, -1.09581e-07, 0.23782, 0.971001)
bones/50/scale = Vector3(1, 1, 1)
bones/51/position = Vector3(6.28233e-05, 0.215225, 7.62939e-06)
bones/51/rotation = Quaternion(-0.128129, -0.00360094, 0.233324, 0.963914)
bones/51/scale = Vector3(1, 1, 1)
bones/52/position = Vector3(-0.0210369, 0.0658591, -0.00191563)
bones/52/rotation = Quaternion(-0.308792, 1.43917e-07, -0.10953, 0.944802)
bones/52/scale = Vector3(1, 1, 1)
bones/53/position = Vector3(4.47631e-05, 0.0336323, 0.00216073)
bones/53/rotation = Quaternion(-0.259548, -0.00175428, -0.247266, 0.933537)
bones/53/scale = Vector3(1, 1, 1)
bones/54/position = Vector3(3.26633e-05, 0.0204343, -0.000161633)
bones/54/rotation = Quaternion(-0.0673401, 0.0055907, -0.268018, 0.961041)
bones/54/scale = Vector3(1, 1, 1)
bones/55/position = Vector3(0.0281564, 0.062085, -0.00232023)
bones/55/rotation = Quaternion(-0.309193, -3.1442e-08, -0.0773262, 0.94785)
bones/55/scale = Vector3(1, 1, 1)
bones/56/position = Vector3(2.10404e-05, 0.0313963, 0.000106305)
bones/56/rotation = Quaternion(-0.282411, -0.00208752, -0.205188, 0.93709)
bones/56/scale = Vector3(1, 1, 1)
bones/57/position = Vector3(3.40939e-05, 0.0181233, 1.30832e-05)
bones/57/rotation = Quaternion(-0.10896, -0.00204547, -0.237104, 0.965352)
bones/57/scale = Vector3(1, 1, 1)
bones/58/position = Vector3(-0.00336033, 0.0669495, -0.00201976)
bones/58/rotation = Quaternion(-0.32587, 1.23607e-07, -0.0824138, 0.941816)
bones/58/scale = Vector3(1, 1, 1)
bones/59/position = Vector3(3.16501e-05, 0.0372344, 0.000299007)
bones/59/rotation = Quaternion(-0.274336, -0.00279359, -0.255857, 0.926968)
bones/59/scale = Vector3(1, 1, 1)
bones/60/position = Vector3(2.71797e-05, 0.0228341, 8.79169e-07)
bones/60/rotation = Quaternion(-0.0838091, -0.000132915, -0.283393, 0.955335)
bones/60/scale = Vector3(1, 1, 1)
bones/61/position = Vector3(0.0123798, 0.0663676, -0.00183016)
bones/61/rotation = Quaternion(-0.312282, 1.16251e-07, -0.0939574, 0.945332)
bones/61/scale = Vector3(1, 1, 1)
bones/62/position = Vector3(5.49555e-05, 0.0343469, -9.44138e-05)
bones/62/rotation = Quaternion(-0.311634, -0.00281169, -0.220006, 0.924377)
bones/62/scale = Vector3(1, 1, 1)
bones/63/position = Vector3(2.40803e-05, 0.019821, 2.02656e-05)
bones/63/rotation = Quaternion(-0.122662, 0.00135338, -0.250283, 0.96037)
bones/63/scale = Vector3(1, 1, 1)
bones/64/position = Vector3(-0.016132, 0.00267661, 0.0118397)
bones/64/rotation = Quaternion(-0.438663, 7.21234e-08, 0.191196, 0.878077)
bones/64/scale = Vector3(1, 1, 1)
bones/65/position = Vector3(-0.000137895, 0.0466478, -1.1608e-05)
bones/65/rotation = Quaternion(-0.337168, -0.00104183, -0.214533, 0.916675)
bones/65/scale = Vector3(1, 1, 1)
bones/66/position = Vector3(6.2108e-05, 0.0286644, 6.31809e-06)
bones/66/rotation = Quaternion(-0.16602, -0.00118359, -0.238011, 0.956968)
bones/66/scale = Vector3(1, 1, 1)
bones/67/position = Vector3(-0.0224181, 0.100772, -0.04247)
bones/67/rotation = Quaternion(-0.459487, 0.00439447, 0.732413, 0.502418)
bones/67/scale = Vector3(1, 1, 1)
bones/68/position = Vector3(-7.7486e-06, 0.0870835, 6.29872e-05)
bones/68/rotation = Quaternion(-0.276274, 3.68903e-08, 0.0578199, 0.959338)
bones/69/position = Vector3(-4.76837e-07, 0.220014, 1.81496e-05)
bones/69/rotation = Quaternion(-0.156507, -0.00265577, -0.219526, 0.962968)
bones/69/scale = Vector3(1, 1, 1)
bones/70/position = Vector3(-0.00013268, 0.215085, 6.03497e-06)
bones/70/rotation = Quaternion(0.223308, -0.000390738, -0.220067, 0.949581)
bones/70/scale = Vector3(1, 1, 1)
bones/71/position = Vector3(0.0210227, 0.0659267, -0.00193065)
bones/71/rotation = Quaternion(0.254948, -0.000426733, 0.0381581, 0.966201)
bones/71/scale = Vector3(1, 1, 1)
bones/72/position = Vector3(-6.33597e-05, 0.0335786, 0.00156134)
bones/72/rotation = Quaternion(0.244052, -0.00265444, 0.109209, 0.96359)
bones/72/scale = Vector3(1, 1, 1)
bones/73/position = Vector3(-2.59876e-05, 0.020476, 2.88486e-05)
bones/73/rotation = Quaternion(0.0984967, 0.00110511, 0.137761, 0.985555)
bones/73/scale = Vector3(1, 1, 1)
bones/74/position = Vector3(-0.0282192, 0.0622811, -0.00259489)
bones/74/rotation = Quaternion(0.239059, -0.000966557, 0.0303112, 0.970531)
bones/74/scale = Vector3(1, 1, 1)
bones/75/position = Vector3(-3.52859e-05, 0.031337, -9.0003e-05)
bones/75/rotation = Quaternion(0.273626, 0.00572999, 0.0606729, 0.959904)
bones/75/scale = Vector3(1, 1, 1)
bones/76/position = Vector3(-2.31266e-05, 0.0181286, 2.83718e-05)
bones/76/rotation = Quaternion(0.11186, -0.00085738, 0.12405, 0.98595)
bones/76/scale = Vector3(1, 1, 1)
bones/77/position = Vector3(0.00332451, 0.0668473, -0.00225425)
bones/77/rotation = Quaternion(0.243666, -0.000143845, 0.0351099, 0.969223)
bones/77/scale = Vector3(1, 1, 1)
bones/78/position = Vector3(-4.1604e-05, 0.0370522, 0.000384092)
bones/78/rotation = Quaternion(0.250608, 0.000699751, 0.0801605, 0.964764)
bones/78/scale = Vector3(1, 1, 1)
bones/79/position = Vector3(-4.02927e-05, 0.0228805, 1.23978e-05)
bones/79/rotation = Quaternion(0.130969, -0.00254478, 0.12631, 0.983304)
bones/80/position = Vector3(-0.0124095, 0.0664701, -0.00255096)
bones/80/rotation = Quaternion(0.235763, 0.0027404, 0.0512067, 0.970457)
bones/80/scale = Vector3(1, 1, 1)
bones/81/position = Vector3(-0.000111878, 0.0343351, 0.000163078)
bones/81/rotation = Quaternion(0.270478, -0.00203607, 0.0657157, 0.960478)
bones/81/scale = Vector3(1, 1, 1)
bones/82/position = Vector3(-3.28422e-05, 0.0198483, 6.27041e-05)
bones/82/rotation = Quaternion(0.126097, 0.0117893, 0.113276, 0.985459)
bones/82/scale = Vector3(1, 1, 1)
bones/83/position = Vector3(0.0161137, 0.00300723, 0.0113966)
bones/83/rotation = Quaternion(0.389143, -0.000861266, -0.243448, 0.888425)
bones/83/scale = Vector3(1, 1, 1)
bones/84/position = Vector3(0.000170559, 0.0466193, -2.39611e-05)
bones/84/rotation = Quaternion(0.281972, -0.000834954, 0.125176, 0.951221)
bones/84/scale = Vector3(1, 1, 1)
bones/85/position = Vector3(-2.34842e-05, 0.0286768, -1.19209e-07)
bones/85/rotation = Quaternion(0.107865, 0.0110453, 0.167204, 0.979942)
bones/85/scale = Vector3(1, 1, 1)
bones/86/position = Vector3(0.0771994, 0.0388086, 0.0110327)
bones/86/rotation = Quaternion(-0.00763894, -0.00024982, -0.0898028, 0.99593)
bones/86/scale = Vector3(1, 1, 1)
bones/89/rotation = Quaternion(-0.00515992, 0.00038607, -0.0471925, 0.998872)
bones/90/rotation = Quaternion(-2.32831e-10, 1.45519e-11, 2.13896e-09, 1)
bones/91/rotation = Quaternion(-0.0586463, 0.00552251, 0.0460748, 0.9972)
bones/91/scale = Vector3(1, 1, 1)
bones/93/position = Vector3(0.0648836, 0.347103, -0.00875898)
bones/93/rotation = Quaternion(-0.187595, -0.00139898, 0.0141292, 0.982144)
bones/94/rotation = Quaternion(0.0232637, 0.0082981, 0.0950929, 0.995162)
bones/96/rotation = Quaternion(-0.0791694, -0.00532177, 0.0979681, 0.992021)
bones/96/scale = Vector3(1, 1, 1)
bones/98/rotation = Quaternion(-0.0319993, -0.000859808, 0.0633492, 0.997478)
bones/98/scale = Vector3(1, 1, 1)
bones/99/rotation = Quaternion(0.000727716, 0.000288482, 0.010817, 0.999941)
bones/99/scale = Vector3(1, 1, 1)
bones/101/position = Vector3(-0.109895, 0.401061, -0.0194214)
bones/101/rotation = Quaternion(-0.363946, -2.42798e-05, 0.522825, 0.770842)
bones/101/scale = Vector3(1, 1, 1)
bones/102/position = Vector3(-2.25902e-05, 0.127382, -4.90844e-05)
bones/102/rotation = Quaternion(0.580999, -0.000696842, 0.0671201, 0.811132)
bones/102/scale = Vector3(1, 1, 1)
bones/103/position = Vector3(-0.0771202, 0.0387832, 0.0110349)
bones/103/rotation = Quaternion(0.176407, 0.00886957, -0.0651169, 0.982121)
bones/103/scale = Vector3(1, 1, 1)
bones/104/rotation = Quaternion(-0.0852544, -0.00777012, 0.0533247, 0.994901)
bones/104/scale = Vector3(1, 1, 1)
bones/106/rotation = Quaternion(-0.004737, -0.00033955, 0.0483571, 0.998819)
bones/108/rotation = Quaternion(-0.0587292, -0.00552121, -0.0462963, 0.997185)
bones/108/scale = Vector3(1, 1, 1)
bones/110/position = Vector3(-0.0647044, 0.347106, -0.00882933)
bones/110/rotation = Quaternion(-0.0976223, -0.00137654, -0.0911077, 0.991044)
bones/110/scale = Vector3(1, 1, 1)
bones/111/rotation = Quaternion(0.0232637, -0.0082981, -0.0950929, 0.995162)
bones/113/rotation = Quaternion(-0.0791693, 0.00532177, -0.0979681, 0.992021)
bones/115/rotation = Quaternion(-0.0319992, 0.000859807, -0.0633493, 0.997478)
bones/115/scale = Vector3(1, 1, 1)
bones/116/rotation = Quaternion(0.000727729, -0.000288485, -0.0108171, 0.999941)
bones/116/scale = Vector3(1, 1, 1)
bones/118/position = Vector3(0.109807, 0.401096, -0.0194108)
bones/118/rotation = Quaternion(-0.385231, 0.00085146, 0.492945, 0.78013)
bones/118/scale = Vector3(1, 1, 1)
bones/119/position = Vector3(-4.61414e-05, 0.127417, -4.89652e-05)
bones/119/rotation = Quaternion(0.616285, 1.1637e-07, 0.0711148, 0.784306)
bones/119/scale = Vector3(1, 1, 1)

[node name="Root" type="Node3D" parent="GeneralSkeleton" index="3"]
transform = Transform3D(0.998119, -0.0610498, 0.0055135, 0.0602435, 0.960354, -0.272195, 0.0113226, 0.272015, 0.962226, -0.0164527, 0.0581393, -0.293002)

[node name="Hips" type="Node3D" parent="GeneralSkeleton" index="4"]
transform = Transform3D(-0.0609325, 0.152128, -0.986481, 0.17881, -0.970666, -0.160734, -0.981995, -0.186187, 0.0319431, -0.0725496, 0.940605, -0.0430955)

[node name="Spine" type="Node3D" parent="GeneralSkeleton" index="5"]
transform = Transform3D(0.667554, 0.198071, 0.717732, 0.0756787, 0.940924, -0.330053, -0.740705, 0.274645, 0.613128, -0.0581799, 0.990928, -0.0348379)

[node name="Chest" type="Node3D" parent="GeneralSkeleton" index="6"]
transform = Transform3D(0.675012, 0.167319, 0.718584, 0.102492, 0.943238, -0.315906, -0.730653, 0.28689, 0.619548, -0.0356832, 1.09782, -0.00364912)

[node name="UpperChest" type="Node3D" parent="GeneralSkeleton" index="7"]
transform = Transform3D(0.706074, 0.20483, 0.677868, 0.243932, 0.828315, -0.504372, -0.664798, 0.521478, 0.534887, -0.0171747, 1.20158, 0.0279968)

[node name="Neck" type="Node3D" parent="GeneralSkeleton" index="8"]
transform = Transform3D(0.729179, 0.00776227, 0.684279, 0.404674, 0.801473, -0.440318, -0.551849, 0.597981, 0.581275, -0.0277826, 1.33402, 0.0653147)

[node name="Head" type="Node3D" parent="GeneralSkeleton" index="9"]
transform = Transform3D(0.716197, -0.0956177, 0.691317, 0.624853, 0.529048, -0.574167, -0.310839, 0.843188, 0.438649, -0.027232, 1.39439, 0.110285)

[node name="LeftEye" type="Node3D" parent="GeneralSkeleton" index="10"]
transform = Transform3D(0.72791, 0.108518, 0.677032, 0.464453, -0.804408, -0.370422, 0.504412, 0.584083, -0.635938, -0.030643, 1.44502, 0.1545)

[node name="RightEye" type="Node3D" parent="GeneralSkeleton" index="11"]
transform = Transform3D(0.721188, 0.102326, 0.685141, 0.46579, -0.803707, -0.370264, 0.512764, 0.586161, -0.627286, -0.0553092, 1.42261, 0.16455)

[node name="Jaw" type="Node3D" parent="GeneralSkeleton" index="12"]

[node name="LeftShoulder" type="Node3D" parent="GeneralSkeleton" index="13"]
transform = Transform3D(-0.49976, 0.866134, -0.00723016, -0.414837, -0.246672, -0.875822, -0.760362, -0.434701, 0.482581, -0.00942389, 1.31228, 0.0431097)

[node name="LeftUpperArm" type="Node3D" parent="GeneralSkeleton" index="14"]
transform = Transform3D(-0.259254, 0.847844, -0.462546, -0.527233, -0.525504, -0.667735, -0.809205, 0.0707563, 0.58325, 0.0659976, 1.29078, 0.00525767)

[node name="LeftLowerArm" type="Node3D" parent="GeneralSkeleton" index="15"]
transform = Transform3D(0.000645407, 0.808988, -0.587825, -0.681128, -0.430029, -0.592571, -0.732164, 0.400766, 0.550747, 0.252516, 1.17518, 0.0208376)

[node name="LeftHand" type="Node3D" parent="GeneralSkeleton" index="16"]
transform = Transform3D(0.2631, 0.812829, -0.519699, -0.776351, -0.141427, -0.614229, -0.572762, 0.565073, 0.593831, 0.426591, 1.0826, 0.106998)

[node name="LeftThumbMetacarpal" type="Node3D" parent="GeneralSkeleton" index="17"]
transform = Transform3D(0.688511, 0.724955, 0.0197952, -0.644438, 0.624105, -0.441806, -0.332644, 0.291432, 0.896892, 0.418369, 1.08747, 0.124781)

[node name="LeftThumbProximal" type="Node3D" parent="GeneralSkeleton" index="18"]
transform = Transform3D(0.372451, 0.819904, 0.434785, -0.869862, 0.471699, -0.144362, -0.323451, -0.324435, 0.888887, 0.45207, 1.11668, 0.138407)

[node name="LeftThumbDistal" type="Node3D" parent="GeneralSkeleton" index="19"]
transform = Transform3D(0.029277, 0.749971, 0.660822, -0.993985, 0.0916401, -0.0599657, -0.10553, -0.655092, 0.748143, 0.475605, 1.13015, 0.129096)

[node name="LeftIndexProximal" type="Node3D" parent="GeneralSkeleton" index="20"]
transform = Transform3D(0.152688, 0.974573, -0.163991, -0.770177, 0.0133614, -0.63769, -0.619285, 0.22367, 0.752634, 0.47556, 1.0908, 0.155123)

[node name="LeftIndexIntermediate" type="Node3D" parent="GeneralSkeleton" index="21"]
transform = Transform3D(-0.184558, 0.964608, 0.188335, -0.76983, -0.0227548, -0.637844, -0.610983, -0.262705, 0.746783, 0.507985, 1.08988, 0.164248)

[node name="LeftIndexDistal" type="Node3D" parent="GeneralSkeleton" index="22"]
transform = Transform3D(-0.550698, 0.758507, 0.348422, -0.720586, -0.22133, -0.657091, -0.421291, -0.612927, 0.668456, 0.527664, 1.08949, 0.158743)

[node name="LeftMiddleProximal" type="Node3D" parent="GeneralSkeleton" index="23"]
transform = Transform3D(0.16829, 0.971966, -0.164199, -0.771004, 0.0260019, -0.636299, -0.614191, 0.23368, 0.753765, 0.481153, 1.07698, 0.145553)

[node name="LeftMiddleIntermediate" type="Node3D" parent="GeneralSkeleton" index="24"]
transform = Transform3D(-0.154129, 0.953443, 0.259212, -0.782894, 0.0421966, -0.620723, -0.602761, -0.298607, 0.739941, 0.517293, 1.07777, 0.154457)

[node name="LeftMiddleDistal" type="Node3D" parent="GeneralSkeleton" index="25"]
transform = Transform3D(-0.51334, 0.726174, 0.457332, -0.763606, -0.143301, -0.62958, -0.391648, -0.67241, 0.628073, 0.539062, 1.07872, 0.147632)

[node name="LeftRingProximal" type="Node3D" parent="GeneralSkeleton" index="26"]
transform = Transform3D(0.183164, 0.970843, -0.154641, -0.773932, 0.0454036, -0.631639, -0.606201, 0.235375, 0.759683, 0.484719, 1.06473, 0.136336)

[node name="LeftRingIntermediate" type="Node3D" parent="GeneralSkeleton" index="27"]
transform = Transform3D(-0.117771, 0.95554, 0.27032, -0.794185, 0.0727891, -0.603302, -0.596155, -0.285736, 0.750303, 0.518069, 1.06634, 0.144313)

[node name="LeftRingDistal" type="Node3D" parent="GeneralSkeleton" index="28"]
transform = Transform3D(-0.455807, 0.752711, 0.475042, -0.79169, -0.0989432, -0.602857, -0.406775, -0.650873, 0.641013, 0.537015, 1.06777, 0.138658)

[node name="LeftLittleProximal" type="Node3D" parent="GeneralSkeleton" index="29"]
transform = Transform3D(0.194747, 0.965099, -0.17509, -0.775588, 0.0422417, -0.629824, -0.600447, 0.258454, 0.756746, 0.485644, 1.0534, 0.124584)

[node name="LeftLittleIntermediate" type="Node3D" parent="GeneralSkeleton" index="30"]
transform = Transform3D(-0.0685777, 0.979254, 0.190678, -0.792106, 0.062751, -0.607149, -0.606519, -0.192674, 0.77137, 0.515943, 1.0547, 0.132773)

[node name="LeftLittleDistal" type="Node3D" parent="GeneralSkeleton" index="31"]
transform = Transform3D(-0.38476, 0.834858, 0.393664, -0.793131, -0.0808848, -0.603656, -0.472125, -0.54449, 0.693273, 0.533685, 1.05582, 0.129277)

[node name="RightShoulder" type="Node3D" parent="GeneralSkeleton" index="32"]
transform = Transform3D(-0.270646, -0.942096, 0.198006, 0.937818, -0.30446, -0.166733, 0.217363, 0.140568, 0.965916, -0.0411415, 1.30097, 0.0727309)

[node name="RightUpperArm" type="Node3D" parent="GeneralSkeleton" index="33"]
transform = Transform3D(-0.37453, -0.907997, -0.187799, 0.902478, -0.31051, -0.298525, 0.212746, -0.281291, 0.935743, -0.123157, 1.27445, 0.0850248)

[node name="RightLowerArm" type="Node3D" parent="GeneralSkeleton" index="34"]
transform = Transform3D(-0.15449, -0.860864, -0.484815, 0.93644, 0.0288537, -0.349638, 0.314979, -0.508016, 0.80169, -0.322902, 1.20614, 0.0231584)

[node name="RightHand" type="Node3D" parent="GeneralSkeleton" index="35"]
transform = Transform3D(0.175178, -0.958629, -0.224372, 0.884142, 0.253435, -0.392509, 0.433134, -0.129617, 0.891961, -0.507989, 1.21221, -0.0861193)

[node name="RightThumbMetacarpal" type="Node3D" parent="GeneralSkeleton" index="36"]
transform = Transform3D(0.630042, -0.6855, 0.36488, 0.71933, 0.338136, -0.606819, 0.292595, 0.64479, 0.70614, -0.510615, 1.22275, -0.0693514)

[node name="RightThumbProximal" type="Node3D" parent="GeneralSkeleton" index="37"]
transform = Transform3D(0.467746, -0.584627, 0.662891, 0.742026, -0.147745, -0.653887, 0.480219, 0.797736, 0.364702, -0.542465, 1.23866, -0.0392552)

[node name="RightThumbDistal" type="Node3D" parent="GeneralSkeleton" index="38"]
transform = Transform3D(0.326332, -0.517584, 0.790957, 0.65813, -0.476223, -0.58316, 0.678506, 0.710857, 0.185231, -0.55925, 1.23441, -0.0163966)

[node name="RightIndexProximal" type="Node3D" parent="GeneralSkeleton" index="39"]
transform = Transform3D(0.126612, -0.981822, 0.141404, 0.890001, 0.0494913, -0.453264, 0.438027, 0.183238, 0.880089, -0.567055, 1.24828, -0.0872664)

[node name="RightIndexIntermediate" type="Node3D" parent="GeneralSkeleton" index="40"]
transform = Transform3D(-0.0321056, -0.889576, 0.455657, 0.871816, -0.247871, -0.422488, 0.48878, 0.383685, 0.783505, -0.599781, 1.24919, -0.0797757)

[node name="RightIndexDistal" type="Node3D" parent="GeneralSkeleton" index="41"]
transform = Transform3D(-0.203418, -0.764443, 0.611759, 0.791796, -0.49597, -0.356473, 0.575917, 0.411875, 0.706172, -0.617984, 1.24408, -0.0719171)

[node name="RightMiddleProximal" type="Node3D" parent="GeneralSkeleton" index="42"]
transform = Transform3D(0.131226, -0.982783, 0.130067, 0.889242, 0.0586972, -0.453655, 0.43821, 0.175193, 0.881635, -0.570941, 1.233, -0.0953398)

[node name="RightMiddleIntermediate" type="Node3D" parent="GeneralSkeleton" index="43"]
transform = Transform3D(0.0209842, -0.891152, 0.45322, 0.87957, -0.199058, -0.432125, 0.475306, 0.407707, 0.779653, -0.6073, 1.23499, -0.0885347)

[node name="RightMiddleDistal" type="Node3D" parent="GeneralSkeleton" index="44"]
transform = Transform3D(-0.127278, -0.748948, 0.65029, 0.818998, -0.449186, -0.357034, 0.559502, 0.487144, 0.670558, -0.627676, 1.23041, -0.0792129)

[node name="RightRingProximal" type="Node3D" parent="GeneralSkeleton" index="45"]
transform = Transform3D(0.12839, -0.984413, 0.120194, 0.890002, 0.0609045, -0.45187, 0.437506, 0.164989, 0.88395, -0.573288, 1.21909, -0.102374)

[node name="RightRingIntermediate" type="Node3D" parent="GeneralSkeleton" index="46"]
transform = Transform3D(0.0271592, -0.891647, 0.451917, 0.881694, -0.19166, -0.431139, 0.471038, 0.410162, 0.780955, -0.607066, 1.22103, -0.0966097)

[node name="RightRingDistal" type="Node3D" parent="GeneralSkeleton" index="47"]
transform = Transform3D(-0.112374, -0.754765, 0.646298, 0.826146, -0.432375, -0.361295, 0.552137, 0.493337, 0.672134, -0.624735, 1.21718, -0.0884211)

[node name="RightLittleProximal" type="Node3D" parent="GeneralSkeleton" index="48"]
transform = Transform3D(0.12327, -0.985457, 0.11696, 0.890432, 0.0578047, -0.45143, 0.438104, 0.159793, 0.884608, -0.572037, 1.20409, -0.108708)

[node name="RightLittleIntermediate" type="Node3D" parent="GeneralSkeleton" index="49"]
transform = Transform3D(0.024857, -0.896451, 0.442446, 0.882251, -0.188461, -0.431411, 0.470123, 0.401072, 0.78621, -0.602922, 1.20594, -0.103799)

[node name="RightLittleDistal" type="Node3D" parent="GeneralSkeleton" index="50"]
transform = Transform3D(-0.122558, -0.771913, 0.623803, 0.825528, -0.428178, -0.36765, 0.550893, 0.469908, 0.689713, -0.619164, 1.20248, -0.0965155)

[node name="LeftUpperLeg" type="Node3D" parent="GeneralSkeleton" index="51"]
transform = Transform3D(-0.100843, 0.172938, -0.979757, 0.384426, -0.901519, -0.198696, -0.917631, -0.396681, 0.0244302, -0.0822407, 0.915072, -0.12575)

[node name="LeftLowerLeg" type="Node3D" parent="GeneralSkeleton" index="52"]
transform = Transform3D(-0.0960602, 0.512862, -0.85308, 0.355855, -0.782707, -0.510625, -0.929591, -0.352623, -0.107317, -0.0201858, 0.628874, -0.323167)

[node name="LeftFoot" type="Node3D" parent="GeneralSkeleton" index="53"]
transform = Transform3D(0.672309, 0.658862, -0.337492, -0.2853, -0.190073, -0.939402, -0.683085, 0.727855, 0.0601858, 0.212502, 0.285956, -0.360325)

[node name="LeftToes" type="Node3D" parent="GeneralSkeleton" index="54"]
transform = Transform3D(0.695283, -0.281104, -0.661484, -0.364768, -0.931018, 0.012239, -0.619294, 0.232779, -0.749859, 0.296441, 0.261781, -0.267604)

[node name="RightUpperLeg" type="Node3D" parent="GeneralSkeleton" index="55"]
transform = Transform3D(-0.0613705, -0.176269, -0.982427, 0.221714, -0.962099, 0.158772, -0.973179, -0.208074, 0.0981258, -0.0728451, 0.887497, 0.0258007)

[node name="RightLowerLeg" type="Node3D" parent="GeneralSkeleton" index="56"]
transform = Transform3D(-0.0419096, -0.0947193, -0.994621, 0.366174, -0.927685, 0.0729156, -0.929602, -0.361148, 0.0735626, -0.121386, 0.537845, 0.0156766)

[node name="RightFoot" type="Node3D" parent="GeneralSkeleton" index="57"]
transform = Transform3D(0.274166, 0.725747, -0.630971, -0.366078, -0.527955, -0.766323, -0.889281, 0.441084, 0.120933, -0.144653, 0.204765, -0.232517)

[node name="RightToes" type="Node3D" parent="GeneralSkeleton" index="58"]
transform = Transform3D(0.30543, -0.410179, -0.85934, -0.50241, -0.836043, 0.220489, -0.808885, 0.364397, -0.461431, -0.0521621, 0.13753, -0.176304)

[node name="EWBIK2" type="EWBIK" parent="GeneralSkeleton" index="59"]
root_bone = &"Root"
budget_millisecond = 8.0
default_damp = 0.872665
skeleton = NodePath("..")
pin_count = 56
constraint_count = 120
pins/0/name = "Root"
pins/0/target_node = NodePath("Root")
pins/0/use_node_rotation = true
pins/0/depth_falloff = 1.0
pins/0/priority = null
pins/0/weight_translation = null
pins/0/weight_x_direction = null
pins/0/weight_y_direction = null
pins/0/weight_z_direction = null
pins/1/name = "Hips"
pins/1/target_node = NodePath("Hips")
pins/1/use_node_rotation = true
pins/1/depth_falloff = 1.0
pins/1/priority = null
pins/1/weight_translation = null
pins/1/weight_x_direction = null
pins/1/weight_y_direction = null
pins/1/weight_z_direction = null
pins/2/name = "Spine"
pins/2/target_node = NodePath("Spine")
pins/2/use_node_rotation = true
pins/2/depth_falloff = 1.0
pins/2/priority = null
pins/2/weight_translation = null
pins/2/weight_x_direction = null
pins/2/weight_y_direction = null
pins/2/weight_z_direction = null
pins/3/name = "Chest"
pins/3/target_node = NodePath("Chest")
pins/3/use_node_rotation = true
pins/3/depth_falloff = 1.0
pins/3/priority = null
pins/3/weight_translation = null
pins/3/weight_x_direction = null
pins/3/weight_y_direction = null
pins/3/weight_z_direction = null
pins/4/name = "UpperChest"
pins/4/target_node = NodePath("UpperChest")
pins/4/use_node_rotation = true
pins/4/depth_falloff = 1.0
pins/4/priority = null
pins/4/weight_translation = null
pins/4/weight_x_direction = null
pins/4/weight_y_direction = null
pins/4/weight_z_direction = null
pins/5/name = "Neck"
pins/5/target_node = NodePath("Neck")
pins/5/use_node_rotation = true
pins/5/depth_falloff = 1.0
pins/5/priority = null
pins/5/weight_translation = null
pins/5/weight_x_direction = null
pins/5/weight_y_direction = null
pins/5/weight_z_direction = null
pins/6/name = "Head"
pins/6/target_node = NodePath("Head")
pins/6/use_node_rotation = true
pins/6/depth_falloff = 1.0
pins/6/priority = null
pins/6/weight_translation = null
pins/6/weight_x_direction = null
pins/6/weight_y_direction = null
pins/6/weight_z_direction = null
pins/7/name = "LeftEye"
pins/7/target_node = NodePath("LeftEye")
pins/7/use_node_rotation = true
pins/7/depth_falloff = 1.0
pins/7/priority = null
pins/7/weight_translation = null
pins/7/weight_x_direction = null
pins/7/weight_y_direction = null
pins/7/weight_z_direction = null
pins/8/name = "RightEye"
pins/8/target_node = NodePath("RightEye")
pins/8/use_node_rotation = true
pins/8/depth_falloff = 1.0
pins/8/priority = null
pins/8/weight_translation = null
pins/8/weight_x_direction = null
pins/8/weight_y_direction = null
pins/8/weight_z_direction = null
pins/9/name = "Jaw"
pins/9/target_node = NodePath("Jaw")
pins/9/use_node_rotation = true
pins/9/depth_falloff = 1.0
pins/9/priority = null
pins/9/weight_translation = null
pins/9/weight_x_direction = null
pins/9/weight_y_direction = null
pins/9/weight_z_direction = null
pins/10/name = "LeftShoulder"
pins/10/target_node = NodePath("LeftShoulder")
pins/10/use_node_rotation = true
pins/10/depth_falloff = 1.0
pins/10/priority = null
pins/10/weight_translation = null
pins/10/weight_x_direction = null
pins/10/weight_y_direction = null
pins/10/weight_z_direction = null
pins/11/name = "LeftUpperArm"
pins/11/target_node = NodePath("LeftUpperArm")
pins/11/use_node_rotation = true
pins/11/depth_falloff = 1.0
pins/11/priority = null
pins/11/weight_translation = null
pins/11/weight_x_direction = null
pins/11/weight_y_direction = null
pins/11/weight_z_direction = null
pins/12/name = "LeftLowerArm"
pins/12/target_node = NodePath("LeftLowerArm")
pins/12/use_node_rotation = true
pins/12/depth_falloff = 1.0
pins/12/priority = null
pins/12/weight_translation = null
pins/12/weight_x_direction = null
pins/12/weight_y_direction = null
pins/12/weight_z_direction = null
pins/13/name = "LeftHand"
pins/13/target_node = NodePath("LeftHand")
pins/13/use_node_rotation = true
pins/13/depth_falloff = 1.0
pins/13/priority = null
pins/13/weight_translation = null
pins/13/weight_x_direction = null
pins/13/weight_y_direction = null
pins/13/weight_z_direction = null
pins/14/name = "LeftThumbMetacarpal"
pins/14/target_node = NodePath("LeftThumbMetacarpal")
pins/14/use_node_rotation = true
pins/14/depth_falloff = 1.0
pins/14/priority = null
pins/14/weight_translation = null
pins/14/weight_x_direction = null
pins/14/weight_y_direction = null
pins/14/weight_z_direction = null
pins/15/name = "LeftThumbProximal"
pins/15/target_node = NodePath("LeftThumbProximal")
pins/15/use_node_rotation = true
pins/15/depth_falloff = 1.0
pins/15/priority = null
pins/15/weight_translation = null
pins/15/weight_x_direction = null
pins/15/weight_y_direction = null
pins/15/weight_z_direction = null
pins/16/name = "LeftThumbDistal"
pins/16/target_node = NodePath("LeftThumbDistal")
pins/16/use_node_rotation = true
pins/16/depth_falloff = 1.0
pins/16/priority = null
pins/16/weight_translation = null
pins/16/weight_x_direction = null
pins/16/weight_y_direction = null
pins/16/weight_z_direction = null
pins/17/name = "LeftIndexProximal"
pins/17/target_node = NodePath("LeftIndexProximal")
pins/17/use_node_rotation = true
pins/17/depth_falloff = 1.0
pins/17/priority = null
pins/17/weight_translation = null
pins/17/weight_x_direction = null
pins/17/weight_y_direction = null
pins/17/weight_z_direction = null
pins/18/name = "LeftIndexIntermediate"
pins/18/target_node = NodePath("LeftIndexIntermediate")
pins/18/use_node_rotation = true
pins/18/depth_falloff = 1.0
pins/18/priority = null
pins/18/weight_translation = null
pins/18/weight_x_direction = null
pins/18/weight_y_direction = null
pins/18/weight_z_direction = null
pins/19/name = "LeftIndexDistal"
pins/19/target_node = NodePath("LeftIndexDistal")
pins/19/use_node_rotation = true
pins/19/depth_falloff = 1.0
pins/19/priority = null
pins/19/weight_translation = null
pins/19/weight_x_direction = null
pins/19/weight_y_direction = null
pins/19/weight_z_direction = null
pins/20/name = "LeftMiddleProximal"
pins/20/target_node = NodePath("LeftMiddleProximal")
pins/20/use_node_rotation = true
pins/20/depth_falloff = 1.0
pins/20/priority = null
pins/20/weight_translation = null
pins/20/weight_x_direction = null
pins/20/weight_y_direction = null
pins/20/weight_z_direction = null
pins/21/name = "LeftMiddleIntermediate"
pins/21/target_node = NodePath("LeftMiddleIntermediate")
pins/21/use_node_rotation = true
pins/21/depth_falloff = 1.0
pins/21/priority = null
pins/21/weight_translation = null
pins/21/weight_x_direction = null
pins/21/weight_y_direction = null
pins/21/weight_z_direction = null
pins/22/name = "LeftMiddleDistal"
pins/22/target_node = NodePath("LeftMiddleDistal")
pins/22/use_node_rotation = true
pins/22/depth_falloff = 1.0
pins/22/priority = null
pins/22/weight_translation = null
pins/22/weight_x_direction = null
pins/22/weight_y_direction = null
pins/22/weight_z_direction = null
pins/23/name = "LeftRingProximal"
pins/23/target_node = NodePath("LeftRingProximal")
pins/23/use_node_rotation = true
pins/23/depth_falloff = 1.0
pins/23/priority = null
pins/23/weight_translation = null
pins/23/weight_x_direction = null
pins/23/weight_y_direction = null
pins/23/weight_z_direction = null
pins/24/name = "LeftRingIntermediate"
pins/24/target_node = NodePath("LeftRingIntermediate")
pins/24/use_node_rotation = true
pins/24/depth_falloff = 1.0
pins/24/priority = null
pins/24/weight_translation = null
pins/24/weight_x_direction = null
pins/24/weight_y_direction = null
pins/24/weight_z_direction = null
pins/25/name = "LeftRingDistal"
pins/25/target_node = NodePath("LeftRingDistal")
pins/25/use_node_rotation = true
pins/25/depth_falloff = 1.0
pins/25/priority = null
pins/25/weight_translation = null
pins/25/weight_x_direction = null
pins/25/weight_y_direction = null
pins/25/weight_z_direction = null
pins/26/name = "LeftLittleProximal"
pins/26/target_node = NodePath("LeftLittleProximal")
pins/26/use_node_rotation = true
pins/26/depth_falloff = 1.0
pins/26/priority = null
pins/26/weight_translation = null
pins/26/weight_x_direction = null
pins/26/weight_y_direction = null
pins/26/weight_z_direction = null
pins/27/name = "LeftLittleIntermediate"
pins/27/target_node = NodePath("LeftLittleIntermediate")
pins/27/use_node_rotation = true
pins/27/depth_falloff = 1.0
pins/27/priority = null
pins/27/weight_translation = null
pins/27/weight_x_direction = null
pins/27/weight_y_direction = null
pins/27/weight_z_direction = null
pins/28/name = "LeftLittleDistal"
pins/28/target_node = NodePath("LeftLittleDistal")
pins/28/use_node_rotation = true
pins/28/depth_falloff = 1.0
pins/28/priority = null
pins/28/weight_translation = null
pins/28/weight_x_direction = null
pins/28/weight_y_direction = null
pins/28/weight_z_direction = null
pins/29/name = "RightShoulder"
pins/29/target_node = NodePath("RightShoulder")
pins/29/use_node_rotation = true
pins/29/depth_falloff = 1.0
pins/29/priority = null
pins/29/weight_translation = null
pins/29/weight_x_direction = null
pins/29/weight_y_direction = null
pins/29/weight_z_direction = null
pins/30/name = "RightUpperArm"
pins/30/target_node = NodePath("RightUpperArm")
pins/30/use_node_rotation = true
pins/30/depth_falloff = 1.0
pins/30/priority = null
pins/30/weight_translation = null
pins/30/weight_x_direction = null
pins/30/weight_y_direction = null
pins/30/weight_z_direction = null
pins/31/name = "RightLowerArm"
pins/31/target_node = NodePath("RightLowerArm")
pins/31/use_node_rotation = true
pins/31/depth_falloff = 1.0
pins/31/priority = null
pins/31/weight_translation = null
pins/31/weight_x_direction = null
pins/31/weight_y_direction = null
pins/31/weight_z_direction = null
pins/32/name = "RightHand"
pins/32/target_node = NodePath("RightHand")
pins/32/use_node_rotation = true
pins/32/depth_falloff = 1.0
pins/32/priority = null
pins/32/weight_translation = null
pins/32/weight_x_direction = null
pins/32/weight_y_direction = null
pins/32/weight_z_direction = null
pins/33/name = "RightThumbMetacarpal"
pins/33/target_node = NodePath("RightThumbMetacarpal")
pins/33/use_node_rotation = true
pins/33/depth_falloff = 1.0
pins/33/priority = null
pins/33/weight_translation = null
pins/33/weight_x_direction = null
pins/33/weight_y_direction = null
pins/33/weight_z_direction = null
pins/34/name = "RightThumbProximal"
pins/34/target_node = NodePath("RightThumbProximal")
pins/34/use_node_rotation = true
pins/34/depth_falloff = 1.0
pins/34/priority = null
pins/34/weight_translation = null
pins/34/weight_x_direction = null
pins/34/weight_y_direction = null
pins/34/weight_z_direction = null
pins/35/name = "RightThumbDistal"
pins/35/target_node = NodePath("RightThumbDistal")
pins/35/use_node_rotation = true
pins/35/depth_falloff = 1.0
pins/35/priority = null
pins/35/weight_translation = null
pins/35/weight_x_direction = null
pins/35/weight_y_direction = null
pins/35/weight_z_direction = null
pins/36/name = "RightIndexProximal"
pins/36/target_node = NodePath("RightIndexProximal")
pins/36/use_node_rotation = true
pins/36/depth_falloff = 1.0
pins/36/priority = null
pins/36/weight_translation = null
pins/36/weight_x_direction = null
pins/36/weight_y_direction = null
pins/36/weight_z_direction = null
pins/37/name = "RightIndexIntermediate"
pins/37/target_node = NodePath("RightIndexIntermediate")
pins/37/use_node_rotation = true
pins/37/depth_falloff = 1.0
pins/37/priority = null
pins/37/weight_translation = null
pins/37/weight_x_direction = null
pins/37/weight_y_direction = null
pins/37/weight_z_direction = null
pins/38/name = "RightIndexDistal"
pins/38/target_node = NodePath("RightIndexDistal")
pins/38/use_node_rotation = true
pins/38/depth_falloff = 1.0
pins/38/priority = null
pins/38/weight_translation = null
pins/38/weight_x_direction = null
pins/38/weight_y_direction = null
pins/38/weight_z_direction = null
pins/39/name = "RightMiddleProximal"
pins/39/target_node = NodePath("RightMiddleProximal")
pins/39/use_node_rotation = true
pins/39/depth_falloff = 1.0
pins/39/priority = null
pins/39/weight_translation = null
pins/39/weight_x_direction = null
pins/39/weight_y_direction = null
pins/39/weight_z_direction = null
pins/40/name = "RightMiddleIntermediate"
pins/40/target_node = NodePath("RightMiddleIntermediate")
pins/40/use_node_rotation = true
pins/40/depth_falloff = 1.0
pins/40/priority = null
pins/40/weight_translation = null
pins/40/weight_x_direction = null
pins/40/weight_y_direction = null
pins/40/weight_z_direction = null
pins/41/name = "RightMiddleDistal"
pins/41/target_node = NodePath("RightMiddleDistal")
pins/41/use_node_rotation = true
pins/41/depth_falloff = 1.0
pins/41/priority = null
pins/41/weight_translation = null
pins/41/weight_x_direction = null
pins/41/weight_y_direction = null
pins/41/weight_z_direction = null
pins/42/name = "RightRingProximal"
pins/42/target_node = NodePath("RightRingProximal")
pins/42/use_node_rotation = true
pins/42/depth_falloff = 1.0
pins/42/priority = null
pins/42/weight_translation = null
pins/42/weight_x_direction = null
pins/42/weight_y_direction = null
pins/42/weight_z_direction = null
pins/43/name = "RightRingIntermediate"
pins/43/target_node = NodePath("RightRingIntermediate")
pins/43/use_node_rotation = true
pins/43/depth_falloff = 1.0
pins/43/priority = null
pins/43/weight_translation = null
pins/43/weight_x_direction = null
pins/43/weight_y_direction = null
pins/43/weight_z_direction = null
pins/44/name = "RightRingDistal"
pins/44/target_node = NodePath("RightRingDistal")
pins/44/use_node_rotation = true
pins/44/depth_falloff = 1.0
pins/44/priority = null
pins/44/weight_translation = null
pins/44/weight_x_direction = null
pins/44/weight_y_direction = null
pins/44/weight_z_direction = null
pins/45/name = "RightLittleProximal"
pins/45/target_node = NodePath("RightLittleProximal")
pins/45/use_node_rotation = true
