[gd_scene load_steps=5 format=3 uid="uid://lb5loufrcng6"]

[ext_resource type="PackedScene" uid="uid://c6m0vucsftrcl" path="res://ewbik_samples/art/SK_fire_rabbit_rev_06.vrm" id="1_7en1a"]

[sub_resource type="Skin" id="Skin_brcov"]
resource_name = "Skin"
bind_count = 120
bind/0/name = &"Root"
bind/0/bone = -1
bind/0/pose = Transform3D(1, -3.42129e-10, -6.69462e-13, 3.42129e-10, 0.999992, 0.00391349, -6.69462e-13, -0.00391349, 0.999992, 0, 0, 0)
bind/1/name = &"Hips"
bind/1/bone = -1
bind/1/pose = Transform3D(1, 0, 0, 0, -0.982526, 0.186124, 0, -0.186124, -0.982526, -3.12627e-10, 0.897131, 0.173587)
bind/2/name = &"RightUpperLeg"
bind/2/bone = -1
bind/2/pose = Transform3D(-0.983065, 0.183255, -0.000372136, -0.183255, -0.983057, 0.00402699, 0.000372136, 0.00402699, 0.999992, -0.236013, 0.845043, -0.00341071)
bind/3/name = &"RightLowerLeg"
bind/3/bone = -1
bind/3/pose = Transform3D(0.964571, -0.263436, -0.0143207, -0.263436, -0.958782, -0.106482, 0.0143207, 0.106482, -0.994211, 0.211588, 0.478485, -0.0618033)
bind/4/name = &"RightFoot"
bind/4/bone = -1
bind/4/pose = Transform3D(-1, -3.09804e-08, 1.16973e-07, 1.16973e-07, -0.494979, 0.868905, 3.09804e-08, 0.868905, 0.494979, -0.077156, 0.0807908, -0.0763599)
bind/5/name = &"RightToes"
bind/5/bone = -1
bind/5/pose = Transform3D(1, 3.09804e-08, 1.16973e-07, -1.16973e-07, 0.494979, 0.868905, -3.09804e-08, -0.868905, 0.494979, 0.077156, -0.0894481, -0.00114036)
bind/6/name = &"J_Sec_R_CoatSkirtSide1_01"
bind/6/bone = -1
bind/6/pose = Transform3D(0.990168, -0.139849, -0.00306823, -0.139849, -0.989211, -0.0436425, 0.00306823, 0.0436425, -0.999043, 0.295128, 0.505408, -0.0308394)
bind/7/name = &"J_Sec_R_CoatSkirtSide2_01"
bind/7/bone = -1
bind/7/pose = Transform3D(0.992963, -0.118392, -0.00268404, -0.118392, -0.99194, -0.0451588, 0.00268404, 0.0451588, -0.998976, 0.287689, 0.346139, -0.0315068)
bind/8/name = &"J_Sec_R_CoatSkirtSide2_end_01"
bind/8/bone = -1
bind/8/pose = Transform3D(0.992963, -0.118392, -0.00268404, -0.118392, -0.99194, -0.0451588, 0.00268404, 0.0451588, -0.998976, 0.287689, 0.194256, -0.0315068)
bind/9/name = &"J_Sec_R_CoatSkirtFront_01"
bind/9/bone = -1
bind/9/pose = Transform3D(0.997498, -0.0706673, 0.00181708, -0.0706673, -0.996179, 0.051328, -0.00181708, -0.051328, -0.99868, 0.120627, 0.345628, 0.156738)
bind/10/name = &"J_Sec_R_CoatSkirtFront_end_01"
bind/10/bone = -1
bind/10/pose = Transform3D(0.997498, -0.0706673, 0.00181708, -0.0706673, -0.996179, 0.051328, -0.00181708, -0.051328, -0.99868, 0.120627, 0.194251, 0.156738)
bind/11/name = &"J_Sec_R_CoatSkirtBack_01"
bind/11/bone = -1
bind/11/pose = Transform3D(0.997127, -0.0755127, -0.00588673, -0.0755127, -0.985064, -0.154749, 0.00588673, 0.154749, -0.987936, 0.131754, 0.338043, -0.261184)
bind/12/name = &"J_Sec_R_CoatSkirtBack_end_01"
bind/12/bone = -1
bind/12/pose = Transform3D(0.997127, -0.0755127, -0.00588673, -0.0755127, -0.985064, -0.154749, 0.00588673, 0.154749, -0.987936, 0.131754, 0.185488, -0.261184)
bind/13/name = &"J_Sec_R_SkirtSide_01"
bind/13/bone = -1
bind/13/pose = Transform3D(-0.961984, 0.272655, 0.0157093, -0.272655, -0.955492, -0.112668, -0.0157093, -0.112668, 0.993508, -0.399603, 0.749748, 0.0878163)
bind/14/name = &"J_Sec_R_SkirtSide_end_01"
bind/14/bone = -1
bind/14/pose = Transform3D(-0.961984, 0.272655, 0.0157093, -0.272655, -0.955492, -0.112668, -0.0157093, -0.112668, 0.993508, -0.399603, 0.653878, 0.0878163)
bind/15/name = &"J_Sec_R_SkirtFront_01"
bind/15/bone = -1
bind/15/pose = Transform3D(-0.99617, 0.0874328, 0.000238785, -0.0874328, -0.996156, -0.00545164, -0.000238785, -0.00545164, 0.999985, -0.13981, 0.809191, -0.117905)
bind/16/name = &"J_Sec_R_SkirtFront_end_01"
bind/16/bone = -1
bind/16/pose = Transform3D(-0.99617, 0.0874328, 0.000238785, -0.0874328, -0.996156, -0.00545164, -0.000238785, -0.00545164, 0.999985, -0.13981, 0.716185, -0.117905)
bind/17/name = &"J_Sec_R_SkirtBack_01"
bind/17/bone = -1
bind/17/pose = Transform3D(-0.997041, 0.0766065, 0.00643126, -0.0766065, -0.983064, -0.166482, -0.00643126, -0.166482, 0.986023, -0.13807, 0.795767, 0.253626)
bind/18/name = &"J_Sec_R_SkirtBack_end_01"
bind/18/bone = -1
bind/18/pose = Transform3D(-0.997041, 0.0766065, 0.00643126, -0.0766065, -0.983064, -0.166482, -0.00643126, -0.166482, 0.986023, -0.13807, 0.709723, 0.253626)
bind/19/name = &"LeftUpperLeg"
bind/19/bone = -1
bind/19/pose = Transform3D(-0.982983, -0.183695, 0.000357814, 0.183695, -0.982976, 0.00386258, -0.000357814, 0.00386258, 0.999992, 0.236391, 0.844938, -0.00326811)
bind/20/name = &"LeftLowerLeg"
bind/20/bone = -1
bind/20/pose = Transform3D(0.964571, 0.263435, 0.0143207, 0.263435, -0.958782, -0.106482, -0.0143207, 0.106482, -0.994211, -0.211587, 0.478485, -0.0618034)
bind/21/name = &"LeftFoot"
bind/21/bone = -1
bind/21/pose = Transform3D(-1, -3.09804e-08, 1.16973e-07, 1.16973e-07, -0.49498, 0.868904, 3.09804e-08, 0.868904, 0.49498, 0.077156, 0.0807909, -0.0763598)
bind/22/name = &"LeftToes"
bind/22/bone = -1
bind/22/pose = Transform3D(1, 3.09804e-08, 1.16973e-07, -1.16973e-07, 0.49498, 0.868904, -3.09804e-08, -0.868904, 0.49498, -0.077156, -0.089448, -0.0011404)
bind/23/name = &"J_Sec_L_CoatSkirtSide1_01"
bind/23/bone = -1
bind/23/pose = Transform3D(0.990168, 0.139849, 0.00306823, 0.139849, -0.989211, -0.0436425, -0.00306823, 0.0436425, -0.999043, -0.295128, 0.505408, -0.0308394)
bind/24/name = &"J_Sec_L_CoatSkirtSide2_01"
bind/24/bone = -1
bind/24/pose = Transform3D(0.992963, 0.118392, 0.00268404, 0.118392, -0.99194, -0.0451588, -0.00268404, 0.0451588, -0.998976, -0.287689, 0.346139, -0.0315068)
bind/25/name = &"J_Sec_L_CoatSkirtSide2_end_01"
bind/25/bone = -1
bind/25/pose = Transform3D(0.992963, 0.118392, 0.00268404, 0.118392, -0.99194, -0.0451588, -0.00268404, 0.0451588, -0.998976, -0.287689, 0.194256, -0.0315068)
bind/26/name = &"J_Sec_L_CoatSkirtFront_01"
bind/26/bone = -1
bind/26/pose = Transform3D(0.997498, 0.0706672, -0.00181708, 0.0706672, -0.996179, 0.0513282, 0.00181708, -0.0513282, -0.99868, -0.120627, 0.345628, 0.156738)
bind/27/name = &"J_Sec_L_CoatSkirtFront_end_01"
bind/27/bone = -1
bind/27/pose = Transform3D(0.997498, 0.0706672, -0.00181708, 0.0706672, -0.996179, 0.0513282, 0.00181708, -0.0513282, -0.99868, -0.120627, 0.19425, 0.156738)
bind/28/name = &"J_Sec_L_CoatSkirtBack_01"
bind/28/bone = -1
bind/28/pose = Transform3D(0.997127, 0.0755125, 0.00588671, 0.0755125, -0.985064, -0.154749, -0.00588671, 0.154749, -0.987936, -0.131754, 0.338043, -0.261184)
bind/29/name = &"J_Sec_L_CoatSkirtBack_end_01"
bind/29/bone = -1
bind/29/pose = Transform3D(0.997127, 0.0755125, 0.00588671, 0.0755125, -0.985064, -0.154749, -0.00588671, 0.154749, -0.987936, -0.131754, 0.185488, -0.261184)
bind/30/name = &"J_Sec_L_SkirtSide_01"
bind/30/bone = -1
bind/30/pose = Transform3D(-0.961983, -0.272658, -0.0157095, 0.272658, -0.955491, -0.112668, 0.0157095, -0.112668, 0.993509, 0.399605, 0.749746, 0.0878161)
bind/31/name = &"J_Sec_L_SkirtSide_end_01"
bind/31/bone = -1
bind/31/pose = Transform3D(-0.961983, -0.272658, -0.0157095, 0.272658, -0.955491, -0.112668, 0.0157095, -0.112668, 0.993509, 0.399605, 0.653876, 0.0878161)
bind/32/name = &"J_Sec_L_SkirtFront_01"
bind/32/bone = -1
bind/32/pose = Transform3D(-0.995924, -0.0902004, -0.000292201, 0.0902004, -0.995903, -0.00646566, 0.000292201, -0.00646566, 0.999979, 0.142285, 0.808919, -0.116997)
bind/33/name = &"J_Sec_L_SkirtFront_end_01"
bind/33/bone = -1
bind/33/pose = Transform3D(-0.995924, -0.0902004, -0.000292201, 0.0902004, -0.995903, -0.00646566, 0.000292201, -0.00646566, 0.999979, 0.142285, 0.715913, -0.116997)
bind/34/name = &"J_Sec_L_SkirtBack_01"
bind/34/bone = -1
bind/34/pose = Transform3D(-0.994969, -0.0998482, -0.00817635, 0.0998482, -0.981681, -0.162276, 0.00817635, -0.162276, 0.986712, 0.15712, 0.793358, 0.250063)
bind/35/name = &"J_Sec_L_SkirtBack_end_01"
bind/35/bone = -1
bind/35/pose = Transform3D(-0.994969, -0.0998482, -0.00817635, 0.0998482, -0.981681, -0.162276, 0.00817635, -0.162276, 0.986712, 0.15712, 0.707314, 0.250062)
bind/36/name = &"Spine"
bind/36/bone = -1
bind/36/pose = Transform3D(1, -2.35838e-09, -3.18166e-11, 2.35838e-09, 0.999636, 0.0269768, -3.18166e-11, -0.0269768, 0.999636, 8.7138e-10, -0.965918, 0.00996749)
bind/37/name = &"Chest"
bind/37/bone = -1
bind/37/pose = Transform3D(1, 1.17866e-08, -7.982e-10, -1.17866e-08, 0.99087, -0.134823, -7.982e-10, 0.134823, 0.99087, -1.43743e-08, -1.06642, -0.164422)
bind/38/name = &"UpperChest"
bind/38/bone = -1
bind/38/pose = Transform3D(1, -4.49469e-08, -2.69851e-09, 4.49469e-08, 0.992817, 0.119644, -2.69851e-09, -0.119644, 0.992817, 5.29481e-08, -1.17851, 0.137492)
bind/39/name = &"RightShoulder"
bind/39/bone = -1
bind/39/pose = Transform3D(8.56109e-08, 6.06053e-09, -1, -0.990027, -0.140877, -8.56109e-08, -0.140877, 0.990027, -6.06053e-09, -0.0254722, 0.159866, -1.28245)
bind/40/name = &"RightUpperArm"
bind/40/bone = -1
bind/40/pose = Transform3D(0, 0, 1, -1, 0, 0, 0, -1, 0, 0.0254722, -0.108556, 1.27992)
bind/41/name = &"RightLowerArm"
bind/41/bone = -1
bind/41/pose = Transform3D(1.11055e-05, 1, -9.72435e-09, -0.999998, 1.11055e-05, 0.00175127, 0.00175127, -9.72435e-09, 0.999998, -1.27991, -0.328378, 0.0260472)
bind/42/name = &"RightHand"
bind/42/bone = -1
bind/42/pose = Transform3D(-0.0193881, 0.000720626, 0.999812, -0.997053, 0.0742274, -0.0193881, -0.0742274, -0.997241, -0.000720626, 0.0136395, -0.636985, 1.23606)
bind/43/name = &"RightThumbMetacarpal"
bind/43/bone = -1
bind/43/pose = Transform3D(0.339944, -0.877713, 0.336929, -0.758754, -0.0442407, 0.649118, -0.554952, -0.476345, -0.681109, 1.30351, -0.352638, 0.295349)
bind/44/name = &"RightThumbProximal"
bind/44/bone = -1
bind/44/pose = Transform3D(0.310051, -0.884785, 0.347075, -0.786827, -0.0338292, 0.615471, -0.532929, -0.463953, -0.706767, 1.29489, -0.428041, 0.292996)
bind/45/name = &"RightThumbDistal"
bind/45/bone = -1
bind/45/pose = Transform3D(0.310051, -0.884785, 0.347075, -0.786827, -0.0338293, 0.615471, -0.532929, -0.463953, -0.706767, 1.2949, -0.456691, 0.292995)
bind/46/name = &"RightRingProximal"
bind/46/bone = -1
bind/46/pose = Transform3D(0, 0, 1, -1, 0, 0, 0, -1, 0, 0.0386842, -0.608712, 1.2873)
bind/47/name = &"RightRingIntermediate"
bind/47/bone = -1
bind/47/pose = Transform3D(0, 0, 1, -1, 0, 0, 0, -1, 0, 0.0386842, -0.643087, 1.2873)
bind/48/name = &"RightRingDistal"
bind/48/bone = -1
bind/48/pose = Transform3D(0, 0, 1, -1, 0, 0, 0, -1, 0, 0.0386842, -0.662925, 1.2873)
bind/49/name = &"RightMiddleProximal"
bind/49/bone = -1
bind/49/pose = Transform3D(0, 0, 1, -1, 0, 0, 0, -1, 0, 0.0230491, -0.609468, 1.2873)
bind/50/name = &"RightMiddleIntermediate"
bind/50/bone = -1
bind/50/pose = Transform3D(0, 0, 1, -1, 0, 0, 0, -1, 0, 0.0230491, -0.646526, 1.2873)
bind/51/name = &"RightMiddleDistal"
bind/51/bone = -1
bind/51/pose = Transform3D(0, 0, 1, -1, 0, 0, 0, -1, 0, 0.0230491, -0.669387, 1.2873)
bind/52/name = &"RightLittleProximal"
bind/52/bone = -1
bind/52/pose = Transform3D(0, 0, 1, -1, 0, 0, 0, -1, 0, 0.0542718, -0.604194, 1.2873)
bind/53/name = &"RightLittleIntermediate"
bind/53/bone = -1
bind/53/pose = Transform3D(0, 0, 1, -1, 0, 0, 0, -1, 0, 0.0542717, -0.635637, 1.2873)
bind/54/name = &"RightLittleDistal"
bind/54/bone = -1
bind/54/pose = Transform3D(0, 0, 1, -1, 0, 0, 0, -1, 0, 0.0542717, -0.653759, 1.2873)
bind/55/name = &"RightIndexProximal"
bind/55/bone = -1
bind/55/pose = Transform3D(-0.0194246, 0, 0.999811, -0.999811, 0, -0.0194246, 0, -1, 0, -0.00638301, -0.608567, 1.2873)
bind/56/name = &"RightIndexIntermediate"
bind/56/bone = -1
bind/56/pose = Transform3D(-0.0385194, -0.000556515, 0.999258, -0.99884, -0.0288785, -0.0385194, 0.0288785, -0.999583, 0.000556515, -0.0179258, -0.604153, 1.3053)
bind/57/name = &"RightIndexDistal"
bind/57/bone = -1
bind/57/pose = Transform3D(-0.0385194, -0.000556515, 0.999258, -0.99884, -0.0288785, -0.0385194, 0.0288785, -0.999583, 0.000556515, -0.0179258, -0.624636, 1.3053)
bind/58/name = &"LeftShoulder"
bind/58/bone = -1
bind/58/pose = Transform3D(2.56833e-07, -1.81816e-08, 1, 0.990027, -0.140877, -2.56833e-07, 0.140877, 0.990027, -1.81816e-08, 0.0254722, 0.159866, -1.28245)
bind/59/name = &"LeftUpperArm"
bind/59/bone = -1
bind/59/pose = Transform3D(0, 0, -1, 1, 0, 0, 0, -1, 0, -0.0254722, -0.108556, 1.27992)
bind/60/name = &"LeftLowerArm"
bind/60/bone = -1
bind/60/pose = Transform3D(1.11055e-05, -1, 9.72339e-09, 0.999998, 1.11055e-05, 0.00175109, -0.00175109, -9.72339e-09, 0.999998, 1.27991, -0.328378, 0.0260472)
bind/61/name = &"LeftHand"
bind/61/bone = -1
bind/61/pose = Transform3D(-0.0193883, -0.000720633, -0.999812, 0.997053, 0.0742274, -0.0193883, 0.0742274, -0.997241, -0.000720633, -0.0136395, -0.636985, 1.23606)
bind/62/name = &"LeftThumbMetacarpal"
bind/62/bone = -1
bind/62/pose = Transform3D(0.339944, 0.877713, -0.336929, 0.758755, -0.0442409, 0.649118, 0.554952, -0.476345, -0.68111, -1.30351, -0.352638, 0.295349)
bind/63/name = &"LeftThumbProximal"
bind/63/bone = -1
bind/63/pose = Transform3D(0.31005, 0.884785, -0.347075, 0.786827, -0.0338292, 0.61547, 0.532929, -0.463953, -0.706767, -1.29489, -0.428041, 0.292996)
bind/64/name = &"LeftThumbDistal"
bind/64/bone = -1
bind/64/pose = Transform3D(0.31005, 0.884785, -0.347075, 0.786827, -0.0338292, 0.61547, 0.532929, -0.463953, -0.706767, -1.2949, -0.456691, 0.292995)
bind/65/name = &"LeftRingProximal"
bind/65/bone = -1
bind/65/pose = Transform3D(0, 0, -1, 1, 0, 0, 0, -1, 0, -0.0386843, -0.608712, 1.2873)
bind/66/name = &"LeftRingIntermediate"
bind/66/bone = -1
bind/66/pose = Transform3D(0, 0, -1, 1, 0, 0, 0, -1, 0, -0.0386843, -0.643087, 1.2873)
bind/67/name = &"LeftRingDistal"
bind/67/bone = -1
bind/67/pose = Transform3D(0, 0, -1, 1, 0, 0, 0, -1, 0, -0.0386843, -0.662925, 1.2873)
bind/68/name = &"LeftMiddleProximal"
bind/68/bone = -1
bind/68/pose = Transform3D(0, 0, -1, 1, 0, 0, 0, -1, 0, -0.0230493, -0.609468, 1.2873)
bind/69/name = &"LeftMiddleIntermediate"
bind/69/bone = -1
bind/69/pose = Transform3D(0, 0, -1, 1, 0, 0, 0, -1, 0, -0.0230492, -0.646526, 1.2873)
bind/70/name = &"LeftMiddleDistal"
bind/70/bone = -1
bind/70/pose = Transform3D(0, 0, -1, 1, 0, 0, 0, -1, 0, -0.0230492, -0.669387, 1.2873)
bind/71/name = &"LeftLittleProximal"
bind/71/bone = -1
bind/71/pose = Transform3D(0, 0, -1, 1, 0, 0, 0, -1, 0, -0.0542719, -0.604194, 1.2873)
bind/72/name = &"LeftLittleIntermediate"
bind/72/bone = -1
bind/72/pose = Transform3D(0, 0, -1, 1, 0, 0, 0, -1, 0, -0.0542718, -0.635637, 1.2873)
bind/73/name = &"LeftLittleDistal"
bind/73/bone = -1
bind/73/pose = Transform3D(0, 0, -1, 1, 0, 0, 0, -1, 0, -0.0542718, -0.653759, 1.2873)
bind/74/name = &"LeftIndexProximal"
bind/74/bone = -1
bind/74/pose = Transform3D(-0.0194246, 0, -0.999811, 0.999811, 0, -0.0194246, 0, -1, 0, 0.0063829, -0.608567, 1.2873)
bind/75/name = &"LeftIndexIntermediate"
bind/75/bone = -1
bind/75/pose = Transform3D(-0.0385196, 0.000556517, -0.999258, 0.99884, -0.0288785, -0.0385196, -0.0288785, -0.999583, 0.000556517, 0.0179258, -0.604154, 1.3053)
bind/76/name = &"LeftIndexDistal"
bind/76/bone = -1
bind/76/pose = Transform3D(-0.0385196, 0.000556517, -0.999258, 0.99884, -0.0288785, -0.0385196, -0.0288785, -0.999583, 0.000556517, 0.0179258, -0.624636, 1.3053)
bind/77/name = &"Neck"
bind/77/bone = -1
bind/77/pose = Transform3D(1, -1.29833e-08, -8.0847e-10, 1.29833e-08, 0.992275, 0.124059, -8.0847e-10, -0.124059, 0.992275, 2.00549e-08, -1.30439, 0.197204)
bind/78/name = &"Head"
bind/78/bone = -1
bind/78/pose = Transform3D(0.999551, -0.0289585, -0.00770881, 0.0289585, 0.867233, 0.49706, -0.00770881, -0.49706, 0.867682, 0.0401185, -1.19487, 0.713326)
bind/79/name = &"J_Sec_Hair1_11"
bind/79/bone = -1
bind/79/pose = Transform3D(-0.0983975, 0.305625, 0.947054, -0.305625, -0.914961, 0.263514, 0.947054, -0.263514, 0.183436, -0.364956, 1.39127, 0.278628)
bind/80/name = &"J_Sec_Hair2_11"
bind/80/bone = -1
bind/80/pose = Transform3D(0.583576, 0.430717, 0.68842, -0.430717, -0.554499, 0.712049, 0.68842, -0.712049, -0.138074, -0.637707, 0.884592, 0.927528)
bind/81/name = &"J_Sec_Hair3_11"
bind/81/bone = -1
bind/81/pose = Transform3D(0.583576, 0.430717, 0.68842, -0.430717, -0.554499, 0.712049, 0.68842, -0.712049, -0.138074, -0.637707, 0.849345, 0.927528)
bind/82/name = &"J_Sec_Hair1_10"
bind/82/bone = -1
bind/82/pose = Transform3D(-0.819824, -0.1873, -0.541117, 0.1873, -0.980723, 0.0556929, -0.541117, -0.0556929, 0.839101, 0.157586, 1.46429, 0.0541307)
bind/83/name = &"J_Sec_Hair2_10"
bind/83/bone = -1
bind/83/pose = Transform3D(0.103531, -0.518896, -0.848545, 0.518896, -0.699651, 0.491156, -0.848545, -0.491156, 0.196818, 0.717518, 1.07245, 0.616612)
bind/84/name = &"J_Sec_Hair3_10"
bind/84/bone = -1
bind/84/pose = Transform3D(0.103531, -0.518896, -0.848545, 0.518896, -0.699651, 0.491156, -0.848545, -0.491156, 0.196818, 0.717518, 1.02849, 0.616612)
bind/85/name = &"J_Sec_Hair1_09"
bind/85/bone = -1
bind/85/pose = Transform3D(-0.949805, 0.261169, 0.172221, -0.261169, -0.965017, 0.0230684, 0.172221, -0.0230684, 0.984788, -0.288261, 1.43915, 0.00576442)
bind/86/name = &"J_Sec_Hair2_09"
bind/86/bone = -1
bind/86/pose = Transform3D(-0.514304, 0.575853, 0.635519, -0.575853, -0.781017, 0.241672, 0.635519, -0.241672, 0.733287, -0.78035, 1.15963, 0.27807)
bind/87/name = &"J_Sec_Hair3_09"
bind/87/bone = -1
bind/87/pose = Transform3D(-0.514304, 0.575853, 0.635519, -0.575853, -0.781017, 0.241672, 0.635519, -0.241672, 0.733287, -0.78035, 1.11683, 0.27807)
bind/88/name = &"J_Sec_Hair1_08"
bind/88/bone = -1
bind/88/pose = Transform3D(-0.947688, -0.318922, 0.0132661, 0.318922, -0.947778, -0.00217224, 0.0132661, 0.00217224, 0.99991, 0.3718, 1.40964, -0.017213)
bind/89/name = &"J_Sec_Hair2_08"
bind/89/bone = -1
bind/89/pose = Transform3D(-0.555984, -0.588114, -0.587371, 0.588114, -0.777712, 0.222008, -0.587371, -0.222008, 0.778272, 0.795182, 1.14761, 0.253171)
bind/90/name = &"J_Sec_Hair3_08"
bind/90/bone = -1
bind/90/pose = Transform3D(-0.555984, -0.588114, -0.587371, 0.588114, -0.777712, 0.222008, -0.587371, -0.222008, 0.778272, 0.795182, 1.10728, 0.253171)
bind/91/name = &"J_Sec_Hair1_07"
bind/91/bone = -1
bind/91/pose = Transform3D(-0.159665, -0.162381, 0.973725, 0.162381, -0.977263, -0.136345, 0.973725, 0.136345, 0.182402, 0.175108, 1.44128, -0.141891)
bind/92/name = &"J_Sec_Hair2_07"
bind/92/bone = -1
bind/92/pose = Transform3D(-0.111148, -0.12797, 0.98553, 0.12797, -0.985262, -0.113503, 0.98553, 0.113503, 0.125887, 0.128461, 1.42082, -0.105806)
bind/93/name = &"J_Sec_Hair3_07"
bind/93/bone = -1
bind/93/pose = Transform3D(-0.111148, -0.12797, 0.98553, 0.12797, -0.985262, -0.113503, 0.98553, 0.113503, 0.125887, 0.128461, 1.39222, -0.105806)
bind/94/name = &"J_Sec_Hair1_06"
bind/94/bone = -1
bind/94/pose = Transform3D(-0.995053, 0.0988831, 0.00956768, -0.0988831, -0.995099, 0.000474214, 0.00956768, -0.000474214, 0.999954, -0.0645794, 1.48482, -0.0368203)
bind/95/name = &"J_Sec_Hair2_06"
bind/95/bone = -1
bind/95/pose = Transform3D(-0.952704, 0.0631213, 0.297271, -0.0631213, -0.997959, 0.00960929, 0.297271, -0.00960929, 0.954745, -0.0264604, 1.45823, -0.0449252)
bind/96/name = &"J_Sec_Hair3_06"
bind/96/bone = -1
bind/96/pose = Transform3D(-0.952704, 0.0631213, 0.297271, -0.0631213, -0.997959, 0.00960929, 0.297271, -0.00960929, 0.954745, -0.0264604, 1.43068, -0.0449252)
bind/97/name = &"J_Sec_Hair1_05"
bind/97/bone = -1
bind/97/pose = Transform3D(0.471973, -0.115323, 0.874038, 0.115323, -0.974813, -0.190893, 0.874038, 0.190893, -0.446786, 0.0899118, 1.45641, -0.319543)
bind/98/name = &"J_Sec_Hair2_05"
bind/98/bone = -1
bind/98/pose = Transform3D(0.176534, -0.138457, 0.974508, 0.138457, -0.97672, -0.163853, 0.974508, 0.163853, -0.153254, 0.139743, 1.43418, -0.302381)
bind/99/name = &"J_Sec_Hair3_05"
bind/99/bone = -1
bind/99/pose = Transform3D(0.176534, -0.138457, 0.974508, 0.138457, -0.97672, -0.163853, 0.974508, 0.163853, -0.153254, 0.139743, 1.41222, -0.302381)
bind/100/name = &"J_Sec_Hair1_04"
bind/100/bone = -1
bind/100/pose = Transform3D(0.486199, 0.16075, -0.858935, -0.16075, -0.949707, -0.268731, -0.858935, 0.268731, -0.435907, -0.149028, 1.41106, -0.408213)
bind/101/name = &"J_Sec_Hair2_04"
bind/101/bone = -1
bind/101/pose = Transform3D(0.299445, 0.17312, -0.938276, -0.17312, -0.957219, -0.231865, -0.938276, 0.231865, -0.256664, -0.172032, 1.39361, -0.371074)
bind/102/name = &"J_Sec_Hair3_04"
bind/102/bone = -1
bind/102/pose = Transform3D(0.299445, 0.17312, -0.938276, -0.17312, -0.957219, -0.231865, -0.938276, 0.231865, -0.256664, -0.172032, 1.36842, -0.371074)
bind/103/name = &"J_Sec_Hair1_03"
bind/103/bone = -1
bind/103/pose = Transform3D(-0.543338, 0.347168, -0.764368, -0.347168, -0.921906, -0.171942, -0.764368, 0.171942, 0.621432, -0.464419, 1.39717, -0.326157)
bind/104/name = &"J_Sec_Hair2_03"
bind/104/bone = -1
bind/104/pose = Transform3D(-0.493139, 0.349446, -0.796681, -0.349446, -0.918218, -0.186451, -0.796681, 0.186451, 0.574922, -0.463633, 1.35406, -0.344672)
bind/105/name = &"J_Sec_Hair3_03"
bind/105/bone = -1
bind/105/pose = Transform3D(-0.493139, 0.349446, -0.796681, -0.349446, -0.918218, -0.186451, -0.796681, 0.186451, 0.574922, -0.463633, 1.31523, -0.344672)
bind/106/name = &"J_Sec_Hair1_02"
bind/106/bone = -1
bind/106/pose = Transform3D(0.997651, -0.00747731, -0.0680925, 0.00747731, -0.976198, 0.216751, -0.0680925, -0.216751, -0.973849, -0.0826283, 1.37874, 0.300865)
bind/107/name = &"J_Sec_Hair2_02"
bind/107/bone = -1
bind/107/pose = Transform3D(0.939685, 0.0968014, 0.328058, -0.0968014, -0.844641, 0.526508, 0.328058, -0.526508, -0.784326, -0.218928, 1.15629, 0.684767)
bind/108/name = &"J_Sec_Hair3_02"
bind/108/bone = -1
bind/108/pose = Transform3D(0.66284, 0.348354, 0.662792, -0.348354, -0.64008, 0.684797, 0.662792, -0.684797, -0.302919, -0.534414, 0.85183, 0.849637)
bind/109/name = &"J_Sec_Hair4_02"
bind/109/bone = -1
bind/109/pose = Transform3D(0.66284, 0.348354, 0.662792, -0.348354, -0.64008, 0.684797, 0.662792, -0.684797, -0.302919, -0.534414, 0.799008, 0.849637)
bind/110/name = &"J_Sec_Hair1_01"
bind/110/bone = -1
bind/110/pose = Transform3D(0.995406, 0.0098535, 0.0952318, -0.0098535, -0.978864, 0.204275, 0.0952318, -0.204275, -0.97427, 0.0793262, 1.38435, 0.286177)
bind/111/name = &"J_Sec_Hair2_01"
bind/111/bone = -1
bind/111/pose = Transform3D(0.93816, -0.0968861, -0.332369, 0.0968861, -0.848207, 0.520729, -0.332369, -0.520729, -0.786367, 0.218938, 1.16269, 0.676779)
bind/112/name = &"J_Sec_Hair3_01"
bind/112/bone = -1
bind/112/pose = Transform3D(0.676078, -0.339509, -0.653951, 0.339509, -0.644154, 0.685419, -0.653951, -0.685419, -0.320233, 0.523607, 0.857226, 0.852007)
bind/113/name = &"J_Sec_Hair4_01"
bind/113/bone = -1
bind/113/pose = Transform3D(0.676078, -0.339509, -0.653951, 0.339509, -0.644154, 0.685419, -0.653951, -0.685419, -0.320233, 0.523607, 0.803647, 0.852007)
bind/114/name = &"RightEye"
bind/114/bone = -1
bind/114/pose = Transform3D(0.999551, 0.00770881, -0.0289585, 0.0289585, -0.49706, 0.867233, -0.00770881, -0.867682, -0.49706, 0.0060843, 0.725805, 1.25936)
bind/115/name = &"LeftEye"
bind/115/bone = -1
bind/115/pose = Transform3D(0.999551, 0.00770881, -0.0289585, 0.0289585, -0.49706, 0.867233, -0.00770881, -0.867682, -0.49706, -0.0286834, 0.724798, 1.25963)
bind/116/name = &"J_Sec_R_Bust1"
bind/116/bone = -1
bind/116/pose = Transform3D(0.813519, 0.454713, 0.362523, -0.454713, 0.108768, 0.883971, 0.362523, -0.883971, 0.295249, -0.519109, -0.217663, 1.04021)
bind/117/name = &"J_Sec_R_Bust2"
bind/117/bone = -1
bind/117/pose = Transform3D(0.813519, 0.454713, 0.362523, -0.454713, 0.108768, 0.883971, 0.362523, -0.883971, 0.295249, -0.519109, -0.275081, 1.04021)
bind/118/name = &"J_Sec_L_Bust1"
bind/118/bone = -1
bind/118/pose = Transform3D(0.813519, -0.454713, -0.362523, 0.454713, 0.108768, 0.883971, -0.362523, -0.883971, 0.295249, 0.519109, -0.217663, 1.04021)
bind/119/name = &"J_Sec_L_Bust2"
bind/119/bone = -1
bind/119/pose = Transform3D(0.813519, -0.454713, -0.362523, 0.454713, 0.108768, 0.883971, -0.362523, -0.883971, 0.295249, 0.519109, -0.275081, 1.04021)

[sub_resource type="Skin" id="Skin_1gg45"]
resource_name = "Skin"
bind_count = 120
bind/0/name = &"Root"
bind/0/bone = -1
bind/0/pose = Transform3D(1, -3.42129e-10, -6.69462e-13, 3.42129e-10, 0.999992, 0.00391349, -6.69462e-13, -0.00391349, 0.999992, 0, 0, 0)
bind/1/name = &"Hips"
bind/1/bone = -1
bind/1/pose = Transform3D(1, 0, 0, 0, -0.982526, 0.186124, 0, -0.186124, -0.982526, -3.12627e-10, 0.897131, 0.173587)
bind/2/name = &"RightUpperLeg"
bind/2/bone = -1
bind/2/pose = Transform3D(-0.983065, 0.183255, -0.000372136, -0.183255, -0.983057, 0.00402699, 0.000372136, 0.00402699, 0.999992, -0.236013, 0.845043, -0.00341071)
bind/3/name = &"RightLowerLeg"
bind/3/bone = -1
bind/3/pose = Transform3D(0.964571, -0.263436, -0.0143207, -0.263436, -0.958782, -0.106482, 0.0143207, 0.106482, -0.994211, 0.211588, 0.478485, -0.0618033)
bind/4/name = &"RightFoot"
bind/4/bone = -1
bind/4/pose = Transform3D(-1, -3.09804e-08, 1.16973e-07, 1.16973e-07, -0.494979, 0.868905, 3.09804e-08, 0.868905, 0.494979, -0.077156, 0.0807908, -0.0763599)
bind/5/name = &"RightToes"
bind/5/bone = -1
bind/5/pose = Transform3D(1, 3.09804e-08, 1.16973e-07, -1.16973e-07, 0.494979, 0.868905, -3.09804e-08, -0.868905, 0.494979, 0.077156, -0.0894481, -0.00114036)
bind/6/name = &"J_Sec_R_CoatSkirtSide1_01"
bind/6/bone = -1
bind/6/pose = Transform3D(0.990168, -0.139849, -0.00306823, -0.139849, -0.989211, -0.0436425, 0.00306823, 0.0436425, -0.999043, 0.295128, 0.505408, -0.0308394)
bind/7/name = &"J_Sec_R_CoatSkirtSide2_01"
bind/7/bone = -1
bind/7/pose = Transform3D(0.992963, -0.118392, -0.00268404, -0.118392, -0.99194, -0.0451588, 0.00268404, 0.0451588, -0.998976, 0.287689, 0.346139, -0.0315068)
bind/8/name = &"J_Sec_R_CoatSkirtSide2_end_01"
bind/8/bone = -1
bind/8/pose = Transform3D(0.992963, -0.118392, -0.00268404, -0.118392, -0.99194, -0.0451588, 0.00268404, 0.0451588, -0.998976, 0.287689, 0.194256, -0.0315068)
bind/9/name = &"J_Sec_R_CoatSkirtFront_01"
bind/9/bone = -1
bind/9/pose = Transform3D(0.997498, -0.0706673, 0.00181708, -0.0706673, -0.996179, 0.051328, -0.00181708, -0.051328, -0.99868, 0.120627, 0.345628, 0.156738)
bind/10/name = &"J_Sec_R_CoatSkirtFront_end_01"
bind/10/bone = -1
bind/10/pose = Transform3D(0.997498, -0.0706673, 0.00181708, -0.0706673, -0.996179, 0.051328, -0.00181708, -0.051328, -0.99868, 0.120627, 0.194251, 0.156738)
bind/11/name = &"J_Sec_R_CoatSkirtBack_01"
bind/11/bone = -1
bind/11/pose = Transform3D(0.997127, -0.0755127, -0.00588673, -0.0755127, -0.985064, -0.154749, 0.00588673, 0.154749, -0.987936, 0.131754, 0.338043, -0.261184)
bind/12/name = &"J_Sec_R_CoatSkirtBack_end_01"
bind/12/bone = -1
bind/12/pose = Transform3D(0.997127, -0.0755127, -0.00588673, -0.0755127, -0.985064, -0.154749, 0.00588673, 0.154749, -0.987936, 0.131754, 0.185488, -0.261184)
bind/13/name = &"J_Sec_R_SkirtSide_01"
bind/13/bone = -1
bind/13/pose = Transform3D(-0.961984, 0.272655, 0.0157093, -0.272655, -0.955492, -0.112668, -0.0157093, -0.112668, 0.993508, -0.399603, 0.749748, 0.0878163)
bind/14/name = &"J_Sec_R_SkirtSide_end_01"
bind/14/bone = -1
bind/14/pose = Transform3D(-0.961984, 0.272655, 0.0157093, -0.272655, -0.955492, -0.112668, -0.0157093, -0.112668, 0.993508, -0.399603, 0.653878, 0.0878163)
bind/15/name = &"J_Sec_R_SkirtFront_01"
bind/15/bone = -1
bind/15/pose = Transform3D(-0.99617, 0.0874328, 0.000238785, -0.0874328, -0.996156, -0.00545164, -0.000238785, -0.00545164, 0.999985, -0.13981, 0.809191, -0.117905)
bind/16/name = &"J_Sec_R_SkirtFront_end_01"
bind/16/bone = -1
bind/16/pose = Transform3D(-0.99617, 0.0874328, 0.000238785, -0.0874328, -0.996156, -0.00545164, -0.000238785, -0.00545164, 0.999985, -0.13981, 0.716185, -0.117905)
bind/17/name = &"J_Sec_R_SkirtBack_01"
bind/17/bone = -1
bind/17/pose = Transform3D(-0.997041, 0.0766065, 0.00643126, -0.0766065, -0.983064, -0.166482, -0.00643126, -0.166482, 0.986023, -0.13807, 0.795767, 0.253626)
bind/18/name = &"J_Sec_R_SkirtBack_end_01"
bind/18/bone = -1
bind/18/pose = Transform3D(-0.997041, 0.0766065, 0.00643126, -0.0766065, -0.983064, -0.166482, -0.00643126, -0.166482, 0.986023, -0.13807, 0.709723, 0.253626)
bind/19/name = &"LeftUpperLeg"
bind/19/bone = -1
bind/19/pose = Transform3D(-0.982983, -0.183695, 0.000357814, 0.183695, -0.982976, 0.00386258, -0.000357814, 0.00386258, 0.999992, 0.236391, 0.844938, -0.00326811)
bind/20/name = &"LeftLowerLeg"
bind/20/bone = -1
bind/20/pose = Transform3D(0.964571, 0.263435, 0.0143207, 0.263435, -0.958782, -0.106482, -0.0143207, 0.106482, -0.994211, -0.211587, 0.478485, -0.0618034)
bind/21/name = &"LeftFoot"
bind/21/bone = -1
bind/21/pose = Transform3D(-1, -3.09804e-08, 1.16973e-07, 1.16973e-07, -0.49498, 0.868904, 3.09804e-08, 0.868904, 0.49498, 0.077156, 0.0807909, -0.0763598)
bind/22/name = &"LeftToes"
bind/22/bone = -1
bind/22/pose = Transform3D(1, 3.09804e-08, 1.16973e-07, -1.16973e-07, 0.49498, 0.868904, -3.09804e-08, -0.868904, 0.49498, -0.077156, -0.089448, -0.0011404)
bind/23/name = &"J_Sec_L_CoatSkirtSide1_01"
bind/23/bone = -1
bind/23/pose = Transform3D(0.990168, 0.139849, 0.00306823, 0.139849, -0.989211, -0.0436425, -0.00306823, 0.0436425, -0.999043, -0.295128, 0.505408, -0.0308394)
bind/24/name = &"J_Sec_L_CoatSkirtSide2_01"
bind/24/bone = -1
bind/24/pose = Transform3D(0.992963, 0.118392, 0.00268404, 0.118392, -0.99194, -0.0451588, -0.00268404, 0.0451588, -0.998976, -0.287689, 0.346139, -0.0315068)
bind/25/name = &"J_Sec_L_CoatSkirtSide2_end_01"
bind/25/bone = -1
bind/25/pose = Transform3D(0.992963, 0.118392, 0.00268404, 0.118392, -0.99194, -0.0451588, -0.00268404, 0.0451588, -0.998976, -0.287689, 0.194256, -0.0315068)
bind/26/name = &"J_Sec_L_CoatSkirtFront_01"
bind/26/bone = -1
bind/26/pose = Transform3D(0.997498, 0.0706672, -0.00181708, 0.0706672, -0.996179, 0.0513282, 0.00181708, -0.0513282, -0.99868, -0.120627, 0.345628, 0.156738)
bind/27/name = &"J_Sec_L_CoatSkirtFront_end_01"
bind/27/bone = -1
bind/27/pose = Transform3D(0.997498, 0.0706672, -0.00181708, 0.0706672, -0.996179, 0.0513282, 0.00181708, -0.0513282, -0.99868, -0.120627, 0.19425, 0.156738)
bind/28/name = &"J_Sec_L_CoatSkirtBack_01"
bind/28/bone = -1
bind/28/pose = Transform3D(0.997127, 0.0755125, 0.00588671, 0.0755125, -0.985064, -0.154749, -0.00588671, 0.154749, -0.987936, -0.131754, 0.338043, -0.261184)
bind/29/name = &"J_Sec_L_CoatSkirtBack_end_01"
bind/29/bone = -1
bind/29/pose = Transform3D(0.997127, 0.0755125, 0.00588671, 0.0755125, -0.985064, -0.154749, -0.00588671, 0.154749, -0.987936, -0.131754, 0.185488, -0.261184)
bind/30/name = &"J_Sec_L_SkirtSide_01"
bind/30/bone = -1
bind/30/pose = Transform3D(-0.961983, -0.272658, -0.0157095, 0.272658, -0.955491, -0.112668, 0.0157095, -0.112668, 0.993509, 0.399605, 0.749746, 0.0878161)
bind/31/name = &"J_Sec_L_SkirtSide_end_01"
bind/31/bone = -1
bind/31/pose = Transform3D(-0.961983, -0.272658, -0.0157095, 0.272658, -0.955491, -0.112668, 0.0157095, -0.112668, 0.993509, 0.399605, 0.653876, 0.0878161)
bind/32/name = &"J_Sec_L_SkirtFront_01"
bind/32/bone = -1
bind/32/pose = Transform3D(-0.995924, -0.0902004, -0.000292201, 0.0902004, -0.995903, -0.00646566, 0.000292201, -0.00646566, 0.999979, 0.142285, 0.808919, -0.116997)
bind/33/name = &"J_Sec_L_SkirtFront_end_01"
bind/33/bone = -1
bind/33/pose = Transform3D(-0.995924, -0.0902004, -0.000292201, 0.0902004, -0.995903, -0.00646566, 0.000292201, -0.00646566, 0.999979, 0.142285, 0.715913, -0.116997)
bind/34/name = &"J_Sec_L_SkirtBack_01"
bind/34/bone = -1
bind/34/pose = Transform3D(-0.994969, -0.0998482, -0.00817635, 0.0998482, -0.981681, -0.162276, 0.00817635, -0.162276, 0.986712, 0.15712, 0.793358, 0.250063)
bind/35/name = &"J_Sec_L_SkirtBack_end_01"
bind/35/bone = -1
bind/35/pose = Transform3D(-0.994969, -0.0998482, -0.00817635, 0.0998482, -0.981681, -0.162276, 0.00817635, -0.162276, 0.986712, 0.15712, 0.707314, 0.250062)
bind/36/name = &"Spine"
bind/36/bone = -1
bind/36/pose = Transform3D(1, -2.35838e-09, -3.18166e-11, 2.35838e-09, 0.999636, 0.0269768, -3.18166e-11, -0.0269768, 0.999636, 8.7138e-10, -0.965918, 0.00996749)
bind/37/name = &"Chest"
bind/37/bone = -1
bind/37/pose = Transform3D(1, 1.17866e-08, -7.982e-10, -1.17866e-08, 0.99087, -0.134823, -7.982e-10, 0.134823, 0.99087, -1.43743e-08, -1.06642, -0.164422)
bind/38/name = &"UpperChest"
bind/38/bone = -1
bind/38/pose = Transform3D(1, -4.49469e-08, -2.69851e-09, 4.49469e-08, 0.992817, 0.119644, -2.69851e-09, -0.119644, 0.992817, 5.29481e-08, -1.17851, 0.137492)
bind/39/name = &"RightShoulder"
bind/39/bone = -1
bind/39/pose = Transform3D(8.56109e-08, 6.06053e-09, -1, -0.990027, -0.140877, -8.56109e-08, -0.140877, 0.990027, -6.06053e-09, -0.0254722, 0.159866, -1.28245)
bind/40/name = &"RightUpperArm"
bind/40/bone = -1
bind/40/pose = Transform3D(0, 0, 1, -1, 0, 0, 0, -1, 0, 0.0254722, -0.108556, 1.27992)
bind/41/name = &"RightLowerArm"
bind/41/bone = -1
bind/41/pose = Transform3D(1.11055e-05, 1, -9.72435e-09, -0.999998, 1.11055e-05, 0.00175127, 0.00175127, -9.72435e-09, 0.999998, -1.27991, -0.328378, 0.0260472)
bind/42/name = &"RightHand"
bind/42/bone = -1
bind/42/pose = Transform3D(-0.0193881, 0.000720626, 0.999812, -0.997053, 0.0742274, -0.0193881, -0.0742274, -0.997241, -0.000720626, 0.0136395, -0.636985, 1.23606)
bind/43/name = &"RightThumbMetacarpal"
bind/43/bone = -1
bind/43/pose = Transform3D(0.339944, -0.877713, 0.336929, -0.758754, -0.0442407, 0.649118, -0.554952, -0.476345, -0.681109, 1.30351, -0.352638, 0.295349)
bind/44/name = &"RightThumbProximal"
bind/44/bone = -1
bind/44/pose = Transform3D(0.310051, -0.884785, 0.347075, -0.786827, -0.0338292, 0.615471, -0.532929, -0.463953, -0.706767, 1.29489, -0.428041, 0.292996)
bind/45/name = &"RightThumbDistal"
bind/45/bone = -1
bind/45/pose = Transform3D(0.310051, -0.884785, 0.347075, -0.786827, -0.0338293, 0.615471, -0.532929, -0.463953, -0.706767, 1.2949, -0.456691, 0.292995)
bind/46/name = &"RightRingProximal"
bind/46/bone = -1
bind/46/pose = Transform3D(0, 0, 1, -1, 0, 0, 0, -1, 0, 0.0386842, -0.608712, 1.2873)
bind/47/name = &"RightRingIntermediate"
bind/47/bone = -1
bind/47/pose = Transform3D(0, 0, 1, -1, 0, 0, 0, -1, 0, 0.0386842, -0.643087, 1.2873)
bind/48/name = &"RightRingDistal"
bind/48/bone = -1
bind/48/pose = Transform3D(0, 0, 1, -1, 0, 0, 0, -1, 0, 0.0386842, -0.662925, 1.2873)
bind/49/name = &"RightMiddleProximal"
bind/49/bone = -1
bind/49/pose = Transform3D(0, 0, 1, -1, 0, 0, 0, -1, 0, 0.0230491, -0.609468, 1.2873)
bind/50/name = &"RightMiddleIntermediate"
bind/50/bone = -1
bind/50/pose = Transform3D(0, 0, 1, -1, 0, 0, 0, -1, 0, 0.0230491, -0.646526, 1.2873)
bind/51/name = &"RightMiddleDistal"
bind/51/bone = -1
bind/51/pose = Transform3D(0, 0, 1, -1, 0, 0, 0, -1, 0, 0.0230491, -0.669387, 1.2873)
bind/52/name = &"RightLittleProximal"
bind/52/bone = -1
bind/52/pose = Transform3D(0, 0, 1, -1, 0, 0, 0, -1, 0, 0.0542718, -0.604194, 1.2873)
bind/53/name = &"RightLittleIntermediate"
bind/53/bone = -1
bind/53/pose = Transform3D(0, 0, 1, -1, 0, 0, 0, -1, 0, 0.0542717, -0.635637, 1.2873)
bind/54/name = &"RightLittleDistal"
bind/54/bone = -1
bind/54/pose = Transform3D(0, 0, 1, -1, 0, 0, 0, -1, 0, 0.0542717, -0.653759, 1.2873)
bind/55/name = &"RightIndexProximal"
bind/55/bone = -1
bind/55/pose = Transform3D(-0.0194246, 0, 0.999811, -0.999811, 0, -0.0194246, 0, -1, 0, -0.00638301, -0.608567, 1.2873)
bind/56/name = &"RightIndexIntermediate"
bind/56/bone = -1
bind/56/pose = Transform3D(-0.0385194, -0.000556515, 0.999258, -0.99884, -0.0288785, -0.0385194, 0.0288785, -0.999583, 0.000556515, -0.0179258, -0.604153, 1.3053)
bind/57/name = &"RightIndexDistal"
bind/57/bone = -1
bind/57/pose = Transform3D(-0.0385194, -0.000556515, 0.999258, -0.99884, -0.0288785, -0.0385194, 0.0288785, -0.999583, 0.000556515, -0.0179258, -0.624636, 1.3053)
bind/58/name = &"LeftShoulder"
bind/58/bone = -1
bind/58/pose = Transform3D(2.56833e-07, -1.81816e-08, 1, 0.990027, -0.140877, -2.56833e-07, 0.140877, 0.990027, -1.81816e-08, 0.0254722, 0.159866, -1.28245)
bind/59/name = &"LeftUpperArm"
bind/59/bone = -1
bind/59/pose = Transform3D(0, 0, -1, 1, 0, 0, 0, -1, 0, -0.0254722, -0.108556, 1.27992)
bind/60/name = &"LeftLowerArm"
bind/60/bone = -1
bind/60/pose = Transform3D(1.11055e-05, -1, 9.72339e-09, 0.999998, 1.11055e-05, 0.00175109, -0.00175109, -9.72339e-09, 0.999998, 1.27991, -0.328378, 0.0260472)
bind/61/name = &"LeftHand"
bind/61/bone = -1
bind/61/pose = Transform3D(-0.0193883, -0.000720633, -0.999812, 0.997053, 0.0742274, -0.0193883, 0.0742274, -0.997241, -0.000720633, -0.0136395, -0.636985, 1.23606)
bind/62/name = &"LeftThumbMetacarpal"
bind/62/bone = -1
bind/62/pose = Transform3D(0.339944, 0.877713, -0.336929, 0.758755, -0.0442409, 0.649118, 0.554952, -0.476345, -0.68111, -1.30351, -0.352638, 0.295349)
bind/63/name = &"LeftThumbProximal"
bind/63/bone = -1
bind/63/pose = Transform3D(0.31005, 0.884785, -0.347075, 0.786827, -0.0338292, 0.61547, 0.532929, -0.463953, -0.706767, -1.29489, -0.428041, 0.292996)
bind/64/name = &"LeftThumbDistal"
bind/64/bone = -1
bind/64/pose = Transform3D(0.31005, 0.884785, -0.347075, 0.786827, -0.0338292, 0.61547, 0.532929, -0.463953, -0.706767, -1.2949, -0.456691, 0.292995)
bind/65/name = &"LeftRingProximal"
bind/65/bone = -1
bind/65/pose = Transform3D(0, 0, -1, 1, 0, 0, 0, -1, 0, -0.0386843, -0.608712, 1.2873)
bind/66/name = &"LeftRingIntermediate"
bind/66/bone = -1
bind/66/pose = Transform3D(0, 0, -1, 1, 0, 0, 0, -1, 0, -0.0386843, -0.643087, 1.2873)
bind/67/name = &"LeftRingDistal"
bind/67/bone = -1
bind/67/pose = Transform3D(0, 0, -1, 1, 0, 0, 0, -1, 0, -0.0386843, -0.662925, 1.2873)
bind/68/name = &"LeftMiddleProximal"
bind/68/bone = -1
bind/68/pose = Transform3D(0, 0, -1, 1, 0, 0, 0, -1, 0, -0.0230493, -0.609468, 1.2873)
bind/69/name = &"LeftMiddleIntermediate"
bind/69/bone = -1
bind/69/pose = Transform3D(0, 0, -1, 1, 0, 0, 0, -1, 0, -0.0230492, -0.646526, 1.2873)
bind/70/name = &"LeftMiddleDistal"
bind/70/bone = -1
bind/70/pose = Transform3D(0, 0, -1, 1, 0, 0, 0, -1, 0, -0.0230492, -0.669387, 1.2873)
bind/71/name = &"LeftLittleProximal"
bind/71/bone = -1
bind/71/pose = Transform3D(0, 0, -1, 1, 0, 0, 0, -1, 0, -0.0542719, -0.604194, 1.2873)
bind/72/name = &"LeftLittleIntermediate"
bind/72/bone = -1
bind/72/pose = Transform3D(0, 0, -1, 1, 0, 0, 0, -1, 0, -0.0542718, -0.635637, 1.2873)
bind/73/name = &"LeftLittleDistal"
bind/73/bone = -1
bind/73/pose = Transform3D(0, 0, -1, 1, 0, 0, 0, -1, 0, -0.0542718, -0.653759, 1.2873)
bind/74/name = &"LeftIndexProximal"
bind/74/bone = -1
bind/74/pose = Transform3D(-0.0194246, 0, -0.999811, 0.999811, 0, -0.0194246, 0, -1, 0, 0.0063829, -0.608567, 1.2873)
bind/75/name = &"LeftIndexIntermediate"
bind/75/bone = -1
bind/75/pose = Transform3D(-0.0385196, 0.000556517, -0.999258, 0.99884, -0.0288785, -0.0385196, -0.0288785, -0.999583, 0.000556517, 0.0179258, -0.604154, 1.3053)
bind/76/name = &"LeftIndexDistal"
bind/76/bone = -1
bind/76/pose = Transform3D(-0.0385196, 0.000556517, -0.999258, 0.99884, -0.0288785, -0.0385196, -0.0288785, -0.999583, 0.000556517, 0.0179258, -0.624636, 1.3053)
bind/77/name = &"Neck"
bind/77/bone = -1
bind/77/pose = Transform3D(1, -1.29833e-08, -8.0847e-10, 1.29833e-08, 0.992275, 0.124059, -8.0847e-10, -0.124059, 0.992275, 2.00549e-08, -1.30439, 0.197204)
bind/78/name = &"Head"
bind/78/bone = -1
bind/78/pose = Transform3D(0.999551, -0.0289585, -0.00770881, 0.0289585, 0.867233, 0.49706, -0.00770881, -0.49706, 0.867682, 0.0401185, -1.19487, 0.713326)
bind/79/name = &"J_Sec_Hair1_11"
bind/79/bone = -1
bind/79/pose = Transform3D(-0.0983975, 0.305625, 0.947054, -0.305625, -0.914961, 0.263514, 0.947054, -0.263514, 0.183436, -0.364956, 1.39127, 0.278628)
bind/80/name = &"J_Sec_Hair2_11"
bind/80/bone = -1
bind/80/pose = Transform3D(0.583576, 0.430717, 0.68842, -0.430717, -0.554499, 0.712049, 0.68842, -0.712049, -0.138074, -0.637707, 0.884592, 0.927528)
bind/81/name = &"J_Sec_Hair3_11"
bind/81/bone = -1
bind/81/pose = Transform3D(0.583576, 0.430717, 0.68842, -0.430717, -0.554499, 0.712049, 0.68842, -0.712049, -0.138074, -0.637707, 0.849345, 0.927528)
bind/82/name = &"J_Sec_Hair1_10"
bind/82/bone = -1
