[gd_scene load_steps=2 format=3 uid="uid://deo0sj1ht53aq"]

[ext_resource type="PackedScene" uid="uid://dyq3gp5ilklbv" path="res://ewbik_samples/art/v_sekai_adult-female.vrm" id="1_ctpwx"]

[node name="Node3D" type="Node3D"]

[node name="v_sekai_adult-female" parent="." instance=ExtResource("1_ctpwx")]

[node name="Skeleton3D" parent="v_sekai_adult-female" index="0"]
bones/0/rotation = Quaternion(0.99986, -8.52771e-14, -4.53099e-05, -0.0167331)
bones/0/scale = Vector3(1, 1, 1)
bones/1/rotation = Quaternion(0.999493, -2.20507e-06, -4.52564e-05, -0.0318447)
bones/1/scale = Vector3(1, 1, 1)
bones/3/rotation = Quaternion(0.00414917, -1.36495e-08, -2.8036e-07, 0.999991)
bones/3/scale = Vector3(1, 1, 1)
bones/4/rotation = Quaternion(-0.168967, -2.18152e-09, 8.44778e-07, 0.985622)
bones/5/rotation = Quaternion(-0.154959, 7.79621e-05, -0.000662266, 0.987921)
bones/9/rotation = Quaternion(-0.0277065, 0.0428207, 0.811274, 0.582437)
bones/9/scale = Vector3(1, 1, 1)
bones/10/rotation = Quaternion(-0.01583, 0.0212852, -0.148189, 0.988603)
bones/10/scale = Vector3(1, 1, 1)
bones/11/rotation = Quaternion(-0.00126815, 0.00165055, -0.0102537, 0.999945)
bones/12/rotation = Quaternion(-0.115622, 0.117153, -0.0176357, 0.986203)
bones/12/scale = Vector3(1, 1, 1)
bones/13/rotation = Quaternion(-0.272279, 0.293975, -0.108642, 0.909747)
bones/13/scale = Vector3(1, 1, 1)
bones/14/rotation = Quaternion(-0.0767711, 0.132336, -0.0886148, 0.984246)
bones/15/rotation = Quaternion(0.0558301, -0.0696006, 0.0385853, 0.995264)
bones/15/scale = Vector3(1, 1, 1)
bones/16/rotation = Quaternion(1.49012e-08, -2.23517e-08, -1.49012e-08, 1)
bones/17/rotation = Quaternion(0.00708423, 0.00468243, -0.0429156, 0.999043)
bones/17/scale = Vector3(1, 1, 1)
bones/18/rotation = Quaternion(0.0383621, -0.0569519, 0.0892849, 0.993636)
bones/18/scale = Vector3(1, 1, 1)
bones/19/rotation = Quaternion(0.137365, -0.162186, 0.0862638, 0.973337)
bones/19/scale = Vector3(1, 1, 1)
bones/21/rotation = Quaternion(0.0636559, -0.0576888, -0.0155506, 0.996182)
bones/22/rotation = Quaternion(0.0307312, -0.0386634, 0.0672209, 0.996515)
bones/23/rotation = Quaternion(0.202424, -0.213536, -0.0577984, 0.953984)
bones/23/scale = Vector3(1, 1, 1)
bones/25/rotation = Quaternion(0.139494, -0.127237, -0.0310381, 0.981524)
bones/25/scale = Vector3(1, 1, 1)
bones/26/rotation = Quaternion(0.00538096, -0.00496306, 0.0395014, 0.999193)
bones/27/rotation = Quaternion(0.0150734, -0.0152929, -0.0457345, 0.998723)
bones/29/rotation = Quaternion(0.199208, -0.189673, -0.014766, 0.961313)
bones/31/rotation = Quaternion(-0.0432176, 0.0443374, 0.00543639, 0.998067)
bones/33/rotation = Quaternion(-0.033761, -0.0428207, -0.811274, 0.582118)
bones/34/scale = Vector3(1, 1, 1)
bones/36/rotation = Quaternion(-0.106821, -0.108876, 0.0251519, 0.987979)
bones/36/scale = Vector3(1, 1, 1)
bones/38/scale = Vector3(1, 1, 1)
bones/39/rotation = Quaternion(-0.00989796, -0.0329551, 0.02724, 0.999037)
bones/39/scale = Vector3(1, 1, 1)
bones/41/scale = Vector3(1, 1, 1)
bones/43/rotation = Quaternion(0.165414, 0.19694, -0.0938025, 0.961797)
bones/45/rotation = Quaternion(0.0629068, 0.0657951, -0.0212782, 0.995621)
bones/45/scale = Vector3(1, 1, 1)
bones/46/rotation = Quaternion(0.0372822, 0.042956, -0.0422689, 0.997486)
bones/46/scale = Vector3(1, 1, 1)
bones/47/rotation = Quaternion(0.131088, 0.14065, 0.0396073, 0.980543)
bones/47/scale = Vector3(1, 1, 1)
bones/49/rotation = Quaternion(0.128658, 0.11765, 0.0216531, 0.984447)
bones/50/rotation = Quaternion(0.00755349, 0.00767169, -0.0549267, 0.998432)
bones/50/scale = Vector3(1, 1, 1)
bones/51/rotation = Quaternion(0.0359699, 0.0368922, 0.077636, 0.995649)
bones/51/scale = Vector3(1, 1, 1)
bones/53/rotation = Quaternion(0.200618, 0.195791, -0.0137719, 0.959807)
bones/54/rotation = Quaternion(-0.0357391, -0.0375473, -0.0167032, 0.998516)
bones/54/scale = Vector3(1, 1, 1)
bones/55/rotation = Quaternion(-0.0793734, -0.0781464, 0.0409203, 0.992934)
bones/55/scale = Vector3(1, 1, 1)
bones/57/rotation = Quaternion(-0.0495017, -0.719679, 0.0120464, 0.692435)
bones/57/scale = Vector3(1, 1, 1)
bones/58/rotation = Quaternion(0.0251785, 0.482122, 0.000220519, 0.875742)
bones/59/rotation = Quaternion(0.473374, 0.245717, -0.142721, 0.833769)
bones/60/rotation = Quaternion(0.252792, -0.0332087, 0.0140269, 0.966849)
bones/60/scale = Vector3(1, 1, 1)
bones/63/rotation = Quaternion(0.0251703, -0.482253, 0.000105258, 0.87567)
bones/65/rotation = Quaternion(0.251926, 0.033916, -0.0145358, 0.967043)
bones/66/rotation = Quaternion(-1.49012e-08, -7.79982e-09, 3.72529e-09, 1)

[node name="leftHand" type="BoneAttachment3D" parent="v_sekai_adult-female/Skeleton3D" index="0"]
transform = Transform3D(0.0632717, -0.963597, -0.259765, 0.963597, -0.00876416, 0.267216, -0.259765, -0.267216, 0.927964, -0.583138, 1.30792, 0.00441364)
bone_name = "LeftHand"
bone_idx = 12

[node name="rightHand" type="BoneAttachment3D" parent="v_sekai_adult-female/Skeleton3D" index="1"]
transform = Transform3D(0.0752328, 0.965186, 0.250509, -0.965187, 0.00737242, 0.261459, 0.250509, -0.261459, 0.93214, 0.583496, 1.30603, -0.00064114)
bone_name = "RightHand"
bone_idx = 36

[node name="leftFoot" type="BoneAttachment3D" parent="v_sekai_adult-female/Skeleton3D" index="2"]
transform = Transform3D(0.999576, -0.0140097, -0.0255263, 0.0140097, -0.53712, 0.843389, -0.0255264, -0.843389, -0.536696, -0.0632434, 0.0769851, 0.00465671)
bone_name = "LeftFoot"
bone_idx = 59

[node name="rightFoot" type="BoneAttachment3D" parent="v_sekai_adult-female/Skeleton3D" index="3"]
transform = Transform3D(0.999591, 0.0137705, 0.0250486, -0.0137706, -0.535923, 0.844154, 0.0250486, -0.844154, -0.535515, 0.0637956, 0.0769886, 0.00409041)
bone_name = "RightFoot"
bone_idx = 64

[node name="head" type="BoneAttachment3D" parent="v_sekai_adult-female/Skeleton3D" index="4"]
transform = Transform3D(0.999999, 0.00128333, 0.000358814, -0.00128333, 0.854988, 0.518647, 0.000358814, -0.518646, 0.854989, 0.000277752, 1.44946, -0.00133423)
bone_name = "Head"
bone_idx = 5

[node name="hips" type="BoneAttachment3D" parent="v_sekai_adult-female/Skeleton3D" index="5"]
transform = Transform3D(1, -1.51635e-06, -9.06072e-05, 1.51635e-06, -0.99944, 0.0334614, -9.06072e-05, -0.0334614, -0.99944, 0.000277808, 0.918146, -0.0242466)
bone_name = "Hips"
bone_idx = 0

[node name="adult-female" parent="v_sekai_adult-female/Skeleton3D" index="6"]
visible = false

[editable path="v_sekai_adult-female"]
