[gd_scene load_steps=2 format=3 uid="uid://deo0sj1ht53aq"]

[ext_resource type="PackedScene" uid="uid://dyq3gp5ilklbv" path="res://ewbik_samples/art/v_sekai_adult-female.vrm" id="1_ctpwx"]

[node name="Node3D" type="Node3D"]

[node name="v_sekai_adult-female" parent="." instance=ExtResource("1_ctpwx")]

[node name="GeneralSkeleton" parent="v_sekai_adult-female" index="0"]
bones/0/position = Vector3(-0.0174676, 1.05756, 0.0416646)
bones/0/rotation = Quaternion(0.961348, -0.00117263, 0.0630244, 0.268022)
bones/0/scale = Vector3(1, 1, 1)
bones/1/position = Vector3(4.04194e-07, -0.089317, 0.00569987)
bones/1/rotation = Quaternion(0.992242, -0.00935107, -0.00738407, 0.123752)
bones/1/scale = Vector3(0.999991, 1, 0.999983)
bones/2/position = Vector3(1.78814e-07, 0.104406, -3.45707e-06)
bones/2/rotation = Quaternion(-0.141014, -0.00132193, -0.0250752, 0.989689)
bones/2/scale = Vector3(1, 1, 1)
bones/3/position = Vector3(9.0804e-07, 0.119368, 3.09944e-06)
bones/3/rotation = Quaternion(-0.0548484, -0.000762566, 0.0213208, 0.998267)
bones/3/scale = Vector3(1, 1, 1)
bones/4/position = Vector3(-4.95464e-07, 0.134264, 0.00114453)
bones/4/rotation = Quaternion(0.250374, -0.0017761, 0.0011035, 0.968147)
bones/4/scale = Vector3(1, 1, 1)
bones/5/position = Vector3(1.56835e-06, 0.0883976, -1.37091e-06)
bones/5/rotation = Quaternion(0.237008, -0.00187999, 0.00247439, 0.971503)
bones/5/scale = Vector3(1, 1, 1)
bones/7/position = Vector3(0.0261403, 0.113164, 0.0465779)
bones/7/rotation = Quaternion(0.762269, -0.00154596, -0.0163965, 0.647051)
bones/7/scale = Vector3(0.999999, 1.00002, 1)
bones/8/position = Vector3(-0.0263699, 0.113246, 0.0465622)
bones/8/rotation = Quaternion(0.762922, -0.00055964, -0.0115133, 0.646388)
bones/8/scale = Vector3(1.00001, 1.00001, 1.00001)
bones/9/position = Vector3(0.0466762, 0.118493, -0.00074327)
bones/9/rotation = Quaternion(-0.0915057, -0.00129685, -0.833316, 0.545169)
bones/9/scale = Vector3(1, 1, 1)
bones/10/position = Vector3(4.64916e-06, 0.0980042, -6.07967e-06)
bones/10/rotation = Quaternion(0.123223, -0.00283999, -0.00397619, 0.992367)
bones/10/scale = Vector3(1, 1, 1)
bones/11/position = Vector3(-1.13249e-06, 0.228191, -1.19209e-06)
bones/11/rotation = Quaternion(-0.0222295, -0.00298082, -0.0037558, 0.999741)
bones/11/scale = Vector3(0.999991, 1, 0.99999)
bones/12/position = Vector3(4.23193e-06, 0.216188, -2.46763e-05)
bones/12/rotation = Quaternion(0.0861127, -0.00262629, 0.0202824, 0.996076)
bones/12/scale = Vector3(1, 1, 1)
bones/13/position = Vector3(-0.0200862, 0.0350797, 0.00654674)
bones/13/rotation = Quaternion(0.0450774, -0.00092232, 0.279566, 0.959067)
bones/13/scale = Vector3(1, 1, 1)
bones/14/position = Vector3(-2.51085e-06, 0.0328428, -8.44002e-05)
bones/14/rotation = Quaternion(-0.130525, -0.000504641, 0.0430209, 0.990511)
bones/14/scale = Vector3(1, 1, 1)
bones/15/position = Vector3(-2.30968e-07, 0.0297377, 2.24113e-05)
bones/15/rotation = Quaternion(0.0211935, -0.00136909, -0.0782671, 0.996706)
bones/15/scale = Vector3(1, 1, 1.00001)
bones/17/position = Vector3(-0.0225351, 0.0955032, -0.00333095)
bones/17/rotation = Quaternion(-0.0703987, -0.00229497, 0.000255978, 0.997516)
bones/17/scale = Vector3(1, 1, 1)
bones/18/position = Vector3(-7.15256e-06, 0.0241727, 4.88758e-06)
bones/18/rotation = Quaternion(0.0694982, -0.00167845, -0.0459775, 0.996521)
bones/19/position = Vector3(1.13249e-06, 0.0230157, -1.60933e-05)
bones/19/rotation = Quaternion(0.103685, -0.00248987, -0.0950126, 0.990059)
bones/19/scale = Vector3(0.999996, 1.00001, 1)
bones/21/position = Vector3(-0.00304127, 0.0989228, -0.00465488)
bones/21/rotation = Quaternion(-0.0485126, -0.00241429, -0.0514848, 0.997492)
bones/21/scale = Vector3(1, 1, 1)
bones/22/position = Vector3(9.0003e-06, 0.0256733, 1.2517e-05)
bones/22/rotation = Quaternion(0.0512247, -0.00215405, -0.0202283, 0.99848)
bones/22/scale = Vector3(1, 1, 1)
bones/23/position = Vector3(1.78814e-06, 0.0238675, -1.0848e-05)
bones/23/rotation = Quaternion(0.00499167, -0.0035989, -0.194362, 0.980911)
bones/23/scale = Vector3(1, 0.999997, 0.999983)
bones/25/position = Vector3(0.0148973, 0.0954658, -0.00101101)
bones/25/rotation = Quaternion(-0.0565844, -0.00213176, -0.115733, 0.991665)
bones/25/scale = Vector3(1, 1, 1)
bones/26/position = Vector3(-3.27826e-06, 0.0235888, -3.15905e-05)
bones/26/rotation = Quaternion(0.033974, -0.00202558, 0.0194496, 0.999231)
bones/26/scale = Vector3(1, 1, 1)
bones/27/position = Vector3(1.66893e-06, 0.0218105, 9.17912e-06)
bones/27/rotation = Quaternion(-0.0574899, -0.00340825, -0.0105908, 0.998284)
bones/27/scale = Vector3(0.999998, 0.999996, 1)
bones/29/position = Vector3(0.03073, 0.086281, 0.00256181)
bones/29/rotation = Quaternion(-0.0229519, -0.00249767, -0.173058, 0.984641)
bones/29/scale = Vector3(1, 1, 1)
bones/30/position = Vector3(4.82798e-06, 0.0188476, -4.30346e-05)
bones/30/rotation = Quaternion(0.0366685, -0.00217202, 0.0589738, 0.997584)
bones/30/scale = Vector3(1, 1, 1)
bones/31/position = Vector3(1.84774e-06, 0.0156336, -1.20401e-05)
bones/31/rotation = Quaternion(-0.033985, -0.00425696, 0.0705741, 0.996918)
bones/31/scale = Vector3(0.999997, 0.999998, 0.999994)
bones/33/position = Vector3(-0.0466749, 0.118449, -0.000393867)
bones/33/rotation = Quaternion(-0.0273146, -0.00123094, 0.830559, 0.55626)
bones/33/scale = Vector3(1, 1, 1)
bones/34/position = Vector3(-5.96046e-08, 0.0980023, -4.05312e-06)
bones/34/rotation = Quaternion(0.133396, -0.00300817, 0.0566479, 0.989438)
bones/34/scale = Vector3(1, 1.00001, 0.999999)
bones/35/position = Vector3(8.9407e-07, 0.22818, 1.46627e-05)
bones/35/rotation = Quaternion(-0.0413392, -0.00318703, 0.02598, 0.998802)
bones/35/scale = Vector3(1, 0.999996, 0.999997)
bones/36/position = Vector3(-1.29938e-05, 0.216175, -2.99215e-05)
bones/36/rotation = Quaternion(0.0725407, -0.00289426, 0.0364643, 0.996694)
bones/37/position = Vector3(0.0207841, 0.0358998, 0.00663257)
bones/37/rotation = Quaternion(0.109454, -0.00170965, -0.216073, 0.970221)
bones/37/scale = Vector3(1, 1, 1)
bones/38/position = Vector3(5.96046e-08, 0.0336217, -1.31726e-05)
bones/38/rotation = Quaternion(-0.0402659, -0.00149552, -0.0248302, 0.998879)
bones/38/scale = Vector3(1, 1, 1)
bones/39/position = Vector3(-8.04663e-07, 0.0297428, -1.23978e-05)
bones/39/rotation = Quaternion(-0.00605499, -0.00251732, 0.0259536, 0.999642)
bones/39/scale = Vector3(0.999998, 1, 0.999995)
bones/41/position = Vector3(0.0224007, 0.0998035, -0.00343609)
bones/41/rotation = Quaternion(-0.0240776, -0.00191885, 0.0116276, 0.999641)
bones/42/position = Vector3(-7.15256e-06, 0.0236848, -1.78814e-06)
bones/42/rotation = Quaternion(0.0833802, -0.00200706, 0.0773517, 0.993509)
bones/42/scale = Vector3(1, 1, 1)
bones/43/position = Vector3(-4.29153e-06, 0.0223469, -1.0848e-05)
bones/43/rotation = Quaternion(0.103032, -0.00376268, 0.170272, 0.979989)
bones/43/scale = Vector3(0.999998, 1, 0.999999)
bones/45/position = Vector3(0.00325674, 0.10071, -0.00504863)
bones/45/rotation = Quaternion(-0.00681732, -0.003422, 0.0798697, 0.996776)
bones/45/scale = Vector3(1, 1, 1)
bones/46/position = Vector3(-2.86102e-06, 0.0257797, 7.27177e-06)
bones/46/rotation = Quaternion(0.0385439, -0.00205754, 0.0524773, 0.997876)
bones/46/scale = Vector3(1, 1, 1)
bones/47/position = Vector3(1.49012e-06, 0.0241076, 4.41074e-06)
bones/47/rotation = Quaternion(-0.0357492, -0.00186664, 0.134592, 0.990254)
bones/47/scale = Vector3(0.999996, 1, 0.999997)
bones/49/position = Vector3(-0.0152939, 0.0973889, -0.000728369)
bones/49/rotation = Quaternion(-0.0605524, -0.00205236, 0.121898, 0.990692)
bones/49/scale = Vector3(1, 1, 1)
bones/50/position = Vector3(6.02007e-06, 0.0231332, 3.82662e-05)
bones/50/rotation = Quaternion(0.0538241, -0.00184456, 0.00906507, 0.998508)
bones/50/scale = Vector3(1, 1, 1)
bones/51/position = Vector3(5.36442e-07, 0.0224397, 2.14577e-06)
bones/51/rotation = Quaternion(-0.074771, -0.0029901, 0.0352893, 0.996572)
bones/51/scale = Vector3(1.00002, 0.999998, 0.999997)
bones/53/position = Vector3(-0.0311337, 0.0881274, 0.00259376)
bones/53/rotation = Quaternion(-0.0349835, -0.00246578, 0.195499, 0.980077)
bones/53/scale = Vector3(1, 1, 1)
bones/54/position = Vector3(8.88109e-06, 0.019081, 1.3113e-06)
bones/54/rotation = Quaternion(0.00418998, -0.00202471, -0.0455711, 0.99895)
bones/54/scale = Vector3(1, 1, 1)
bones/55/position = Vector3(-2.80142e-06, 0.0157286, -8.70228e-06)
bones/55/rotation = Quaternion(-0.0277337, -0.00384461, -0.101245, 0.994467)
bones/55/scale = Vector3(1, 1, 1)
bones/57/position = Vector3(0.0899559, 0.0495843, -0.00283664)
bones/57/rotation = Quaternion(0.055796, -0.00187025, 0.0222218, 0.998193)
bones/57/scale = Vector3(1, 0.999995, 0.999993)
bones/58/position = Vector3(-2.92063e-06, 0.41979, -8.04663e-06)
bones/58/rotation = Quaternion(0.0872556, -0.00193768, 0.0228146, 0.995923)
bones/58/scale = Vector3(0.999997, 1, 1)
bones/59/position = Vector3(-4.5076e-07, 0.373453, 8.52346e-06)
bones/59/rotation = Quaternion(-0.461552, -0.00149852, -0.0415802, 0.886137)
bones/59/scale = Vector3(1, 1, 1)
bones/60/position = Vector3(9.31323e-07, 0.125275, -1.18911e-05)
bones/60/rotation = Quaternion(0.256881, -0.00247083, 0.0172386, 0.966286)
bones/60/scale = Vector3(0.999982, 0.999991, 0.99999)
bones/62/position = Vector3(-0.0899569, 0.0495727, -0.00285208)
bones/62/rotation = Quaternion(0.0569823, -0.00166499, -0.0299441, 0.997925)
bones/62/scale = Vector3(1, 1, 0.999996)
bones/63/position = Vector3(2.94484e-06, 0.419791, -2.41399e-06)
bones/63/rotation = Quaternion(0.084259, -0.00173456, -0.0063192, 0.996422)
bones/63/scale = Vector3(0.999993, 0.999981, 0.999996)
bones/64/position = Vector3(-6.01634e-07, 0.37349, -4.47035e-07)
bones/64/rotation = Quaternion(-0.460678, -0.00142699, -0.0108328, 0.8875)
bones/64/scale = Vector3(1, 1, 1)
bones/65/position = Vector3(7.05943e-07, 0.12554, -1.64807e-05)
bones/65/rotation = Quaternion(0.259499, -0.00239488, -0.0436536, 0.964753)
bones/65/scale = Vector3(0.999992, 0.999995, 0.999989)

[node name="EWBIK" parent="v_sekai_adult-female/GeneralSkeleton" index="1"]
root_bone = &"Hips"
budget_millisecond = 2.0
default_damp = 0.0174533
skeleton = NodePath("..")
pin_count = 56
pins/0/name = "Root"
pins/0/target_node = NodePath("Root")
pins/0/use_node_rotation = true
pins/0/depth_falloff = 1.0
pins/0/priority = null
pins/0/weight_translation = null
pins/0/weight_x_direction = null
pins/0/weight_y_direction = null
pins/0/weight_z_direction = null
pins/1/name = "Hips"
pins/1/target_node = NodePath("Hips")
pins/1/use_node_rotation = true
pins/1/depth_falloff = 1.0
pins/1/priority = null
pins/1/weight_translation = null
pins/1/weight_x_direction = null
pins/1/weight_y_direction = null
pins/1/weight_z_direction = null
pins/2/name = "Spine"
pins/2/target_node = NodePath("Spine")
pins/2/use_node_rotation = true
pins/2/depth_falloff = 1.0
pins/2/priority = null
pins/2/weight_translation = null
pins/2/weight_x_direction = null
pins/2/weight_y_direction = null
pins/2/weight_z_direction = null
pins/3/name = "Chest"
pins/3/target_node = NodePath("Chest")
pins/3/use_node_rotation = true
pins/3/depth_falloff = 1.0
pins/3/priority = null
pins/3/weight_translation = null
pins/3/weight_x_direction = null
pins/3/weight_y_direction = null
pins/3/weight_z_direction = null
pins/4/name = "UpperChest"
pins/4/target_node = NodePath("UpperChest")
pins/4/use_node_rotation = true
pins/4/depth_falloff = 1.0
pins/4/priority = null
pins/4/weight_translation = null
pins/4/weight_x_direction = null
pins/4/weight_y_direction = null
pins/4/weight_z_direction = null
pins/5/name = "Neck"
pins/5/target_node = NodePath("Neck")
pins/5/use_node_rotation = true
pins/5/depth_falloff = 1.0
pins/5/priority = null
pins/5/weight_translation = null
pins/5/weight_x_direction = null
pins/5/weight_y_direction = null
pins/5/weight_z_direction = null
pins/6/name = "Head"
pins/6/target_node = NodePath("Head")
pins/6/use_node_rotation = true
pins/6/depth_falloff = 1.0
pins/6/priority = null
pins/6/weight_translation = null
pins/6/weight_x_direction = null
pins/6/weight_y_direction = null
pins/6/weight_z_direction = null
pins/7/name = "LeftEye"
pins/7/target_node = NodePath("LeftEye")
pins/7/use_node_rotation = true
pins/7/depth_falloff = 1.0
pins/7/priority = null
pins/7/weight_translation = null
pins/7/weight_x_direction = null
pins/7/weight_y_direction = null
pins/7/weight_z_direction = null
pins/8/name = "RightEye"
pins/8/target_node = NodePath("RightEye")
pins/8/use_node_rotation = true
pins/8/depth_falloff = 1.0
pins/8/priority = null
pins/8/weight_translation = null
pins/8/weight_x_direction = null
pins/8/weight_y_direction = null
pins/8/weight_z_direction = null
pins/9/name = "Jaw"
pins/9/target_node = NodePath("Jaw")
pins/9/use_node_rotation = true
pins/9/depth_falloff = 1.0
pins/9/priority = null
pins/9/weight_translation = null
pins/9/weight_x_direction = null
pins/9/weight_y_direction = null
pins/9/weight_z_direction = null
pins/10/name = "LeftShoulder"
pins/10/target_node = NodePath("LeftShoulder")
pins/10/use_node_rotation = true
pins/10/depth_falloff = 1.0
pins/10/priority = null
pins/10/weight_translation = null
pins/10/weight_x_direction = null
pins/10/weight_y_direction = null
pins/10/weight_z_direction = null
pins/11/name = "LeftUpperArm"
pins/11/target_node = NodePath("LeftUpperArm")
pins/11/use_node_rotation = true
pins/11/depth_falloff = 1.0
pins/11/priority = null
pins/11/weight_translation = null
pins/11/weight_x_direction = null
pins/11/weight_y_direction = null
pins/11/weight_z_direction = null
pins/12/name = "LeftLowerArm"
pins/12/target_node = NodePath("LeftLowerArm")
pins/12/use_node_rotation = true
pins/12/depth_falloff = 1.0
pins/12/priority = null
pins/12/weight_translation = null
pins/12/weight_x_direction = null
pins/12/weight_y_direction = null
pins/12/weight_z_direction = null
pins/13/name = "LeftHand"
pins/13/target_node = NodePath("LeftHand")
pins/13/use_node_rotation = true
pins/13/depth_falloff = 1.0
pins/13/priority = null
pins/13/weight_translation = null
pins/13/weight_x_direction = null
pins/13/weight_y_direction = null
pins/13/weight_z_direction = null
pins/14/name = "LeftThumbMetacarpal"
pins/14/target_node = NodePath("LeftThumbMetacarpal")
pins/14/use_node_rotation = true
pins/14/depth_falloff = 1.0
pins/14/priority = null
pins/14/weight_translation = null
pins/14/weight_x_direction = null
pins/14/weight_y_direction = null
pins/14/weight_z_direction = null
pins/15/name = "LeftThumbProximal"
pins/15/target_node = NodePath("LeftThumbProximal")
pins/15/use_node_rotation = true
pins/15/depth_falloff = 1.0
pins/15/priority = null
pins/15/weight_translation = null
pins/15/weight_x_direction = null
pins/15/weight_y_direction = null
pins/15/weight_z_direction = null
pins/16/name = "LeftThumbDistal"
pins/16/target_node = NodePath("LeftThumbDistal")
pins/16/use_node_rotation = true
pins/16/depth_falloff = 1.0
pins/16/priority = null
pins/16/weight_translation = null
pins/16/weight_x_direction = null
pins/16/weight_y_direction = null
pins/16/weight_z_direction = null
pins/17/name = "LeftIndexProximal"
pins/17/target_node = NodePath("LeftIndexProximal")
pins/17/use_node_rotation = true
pins/17/depth_falloff = 1.0
pins/17/priority = null
pins/17/weight_translation = null
pins/17/weight_x_direction = null
pins/17/weight_y_direction = null
pins/17/weight_z_direction = null
pins/18/name = "LeftIndexIntermediate"
pins/18/target_node = NodePath("LeftIndexIntermediate")
pins/18/use_node_rotation = true
pins/18/depth_falloff = 1.0
pins/18/priority = null
pins/18/weight_translation = null
pins/18/weight_x_direction = null
pins/18/weight_y_direction = null
pins/18/weight_z_direction = null
pins/19/name = "LeftIndexDistal"
pins/19/target_node = NodePath("LeftIndexDistal")
pins/19/use_node_rotation = true
pins/19/depth_falloff = 1.0
pins/19/priority = null
pins/19/weight_translation = null
pins/19/weight_x_direction = null
pins/19/weight_y_direction = null
pins/19/weight_z_direction = null
pins/20/name = "LeftMiddleProximal"
pins/20/target_node = NodePath("LeftMiddleProximal")
pins/20/use_node_rotation = true
pins/20/depth_falloff = 1.0
pins/20/priority = null
pins/20/weight_translation = null
pins/20/weight_x_direction = null
pins/20/weight_y_direction = null
pins/20/weight_z_direction = null
pins/21/name = "LeftMiddleIntermediate"
pins/21/target_node = NodePath("LeftMiddleIntermediate")
pins/21/use_node_rotation = true
pins/21/depth_falloff = 1.0
pins/21/priority = null
pins/21/weight_translation = null
pins/21/weight_x_direction = null
pins/21/weight_y_direction = null
pins/21/weight_z_direction = null
pins/22/name = "LeftMiddleDistal"
pins/22/target_node = NodePath("LeftMiddleDistal")
pins/22/use_node_rotation = true
pins/22/depth_falloff = 1.0
pins/22/priority = null
pins/22/weight_translation = null
pins/22/weight_x_direction = null
pins/22/weight_y_direction = null
pins/22/weight_z_direction = null
pins/23/name = "LeftRingProximal"
pins/23/target_node = NodePath("LeftRingProximal")
pins/23/use_node_rotation = true
pins/23/depth_falloff = 1.0
pins/23/priority = null
pins/23/weight_translation = null
pins/23/weight_x_direction = null
pins/23/weight_y_direction = null
pins/23/weight_z_direction = null
pins/24/name = "LeftRingIntermediate"
pins/24/target_node = NodePath("LeftRingIntermediate")
pins/24/use_node_rotation = true
pins/24/depth_falloff = 1.0
pins/24/priority = null
pins/24/weight_translation = null
pins/24/weight_x_direction = null
pins/24/weight_y_direction = null
pins/24/weight_z_direction = null
pins/25/name = "LeftRingDistal"
pins/25/target_node = NodePath("LeftRingDistal")
pins/25/use_node_rotation = true
pins/25/depth_falloff = 1.0
pins/25/priority = null
pins/25/weight_translation = null
pins/25/weight_x_direction = null
pins/25/weight_y_direction = null
pins/25/weight_z_direction = null
pins/26/name = "LeftLittleProximal"
pins/26/target_node = NodePath("LeftLittleProximal")
pins/26/use_node_rotation = true
pins/26/depth_falloff = 1.0
pins/26/priority = null
pins/26/weight_translation = null
pins/26/weight_x_direction = null
pins/26/weight_y_direction = null
pins/26/weight_z_direction = null
pins/27/name = "LeftLittleIntermediate"
pins/27/target_node = NodePath("LeftLittleIntermediate")
pins/27/use_node_rotation = true
pins/27/depth_falloff = 1.0
pins/27/priority = null
pins/27/weight_translation = null
pins/27/weight_x_direction = null
pins/27/weight_y_direction = null
pins/27/weight_z_direction = null
pins/28/name = "LeftLittleDistal"
pins/28/target_node = NodePath("LeftLittleDistal")
pins/28/use_node_rotation = true
pins/28/depth_falloff = 1.0
pins/28/priority = null
pins/28/weight_translation = null
pins/28/weight_x_direction = null
pins/28/weight_y_direction = null
pins/28/weight_z_direction = null
pins/29/name = "RightShoulder"
pins/29/target_node = NodePath("RightShoulder")
pins/29/use_node_rotation = true
pins/29/depth_falloff = 1.0
pins/29/priority = null
pins/29/weight_translation = null
pins/29/weight_x_direction = null
pins/29/weight_y_direction = null
pins/29/weight_z_direction = null
pins/30/name = "RightUpperArm"
pins/30/target_node = NodePath("RightUpperArm")
pins/30/use_node_rotation = true
pins/30/depth_falloff = 1.0
pins/30/priority = null
pins/30/weight_translation = null
pins/30/weight_x_direction = null
pins/30/weight_y_direction = null
pins/30/weight_z_direction = null
pins/31/name = "RightLowerArm"
pins/31/target_node = NodePath("RightLowerArm")
pins/31/use_node_rotation = true
pins/31/depth_falloff = 1.0
pins/31/priority = null
pins/31/weight_translation = null
pins/31/weight_x_direction = null
pins/31/weight_y_direction = null
pins/31/weight_z_direction = null
pins/32/name = "RightHand"
pins/32/target_node = NodePath("RightHand")
pins/32/use_node_rotation = true
pins/32/depth_falloff = 1.0
pins/32/priority = null
pins/32/weight_translation = null
pins/32/weight_x_direction = null
pins/32/weight_y_direction = null
pins/32/weight_z_direction = null
pins/33/name = "RightThumbMetacarpal"
pins/33/target_node = NodePath("RightThumbMetacarpal")
pins/33/use_node_rotation = true
pins/33/depth_falloff = 1.0
pins/33/priority = null
pins/33/weight_translation = null
pins/33/weight_x_direction = null
pins/33/weight_y_direction = null
pins/33/weight_z_direction = null
pins/34/name = "RightThumbProximal"
pins/34/target_node = NodePath("RightThumbProximal")
pins/34/use_node_rotation = true
pins/34/depth_falloff = 1.0
pins/34/priority = null
pins/34/weight_translation = null
pins/34/weight_x_direction = null
pins/34/weight_y_direction = null
pins/34/weight_z_direction = null
pins/35/name = "RightThumbDistal"
pins/35/target_node = NodePath("RightThumbDistal")
pins/35/use_node_rotation = true
pins/35/depth_falloff = 1.0
pins/35/priority = null
pins/35/weight_translation = null
pins/35/weight_x_direction = null
pins/35/weight_y_direction = null
pins/35/weight_z_direction = null
pins/36/name = "RightIndexProximal"
pins/36/target_node = NodePath("RightIndexProximal")
pins/36/use_node_rotation = true
pins/36/depth_falloff = 1.0
pins/36/priority = null
pins/36/weight_translation = null
pins/36/weight_x_direction = null
pins/36/weight_y_direction = null
pins/36/weight_z_direction = null
pins/37/name = "RightIndexIntermediate"
pins/37/target_node = NodePath("RightIndexIntermediate")
pins/37/use_node_rotation = true
pins/37/depth_falloff = 1.0
pins/37/priority = null
pins/37/weight_translation = null
pins/37/weight_x_direction = null
pins/37/weight_y_direction = null
pins/37/weight_z_direction = null
pins/38/name = "RightIndexDistal"
pins/38/target_node = NodePath("RightIndexDistal")
pins/38/use_node_rotation = true
pins/38/depth_falloff = 1.0
pins/38/priority = null
pins/38/weight_translation = null
pins/38/weight_x_direction = null
pins/38/weight_y_direction = null
pins/38/weight_z_direction = null
pins/39/name = "RightMiddleProximal"
pins/39/target_node = NodePath("RightMiddleProximal")
pins/39/use_node_rotation = true
pins/39/depth_falloff = 1.0
pins/39/priority = null
pins/39/weight_translation = null
pins/39/weight_x_direction = null
pins/39/weight_y_direction = null
pins/39/weight_z_direction = null
pins/40/name = "RightMiddleIntermediate"
pins/40/target_node = NodePath("RightMiddleIntermediate")
pins/40/use_node_rotation = true
pins/40/depth_falloff = 1.0
pins/40/priority = null
pins/40/weight_translation = null
pins/40/weight_x_direction = null
pins/40/weight_y_direction = null
pins/40/weight_z_direction = null
pins/41/name = "RightMiddleDistal"
pins/41/target_node = NodePath("RightMiddleDistal")
pins/41/use_node_rotation = true
pins/41/depth_falloff = 1.0
pins/41/priority = null
pins/41/weight_translation = null
pins/41/weight_x_direction = null
pins/41/weight_y_direction = null
pins/41/weight_z_direction = null
pins/42/name = "RightRingProximal"
pins/42/target_node = NodePath("RightRingProximal")
pins/42/use_node_rotation = true
pins/42/depth_falloff = 1.0
pins/42/priority = null
pins/42/weight_translation = null
pins/42/weight_x_direction = null
pins/42/weight_y_direction = null
pins/42/weight_z_direction = null
pins/43/name = "RightRingIntermediate"
pins/43/target_node = NodePath("RightRingIntermediate")
pins/43/use_node_rotation = true
pins/43/depth_falloff = 1.0
pins/43/priority = null
pins/43/weight_translation = null
pins/43/weight_x_direction = null
pins/43/weight_y_direction = null
pins/43/weight_z_direction = null
pins/44/name = "RightRingDistal"
pins/44/target_node = NodePath("RightRingDistal")
pins/44/use_node_rotation = true
pins/44/depth_falloff = 1.0
pins/44/priority = null
pins/44/weight_translation = null
pins/44/weight_x_direction = null
pins/44/weight_y_direction = null
pins/44/weight_z_direction = null
pins/45/name = "RightLittleProximal"
pins/45/target_node = NodePath("RightLittleProximal")
pins/45/use_node_rotation = true
pins/45/depth_falloff = 1.0
pins/45/priority = null
pins/45/weight_translation = null
pins/45/weight_x_direction = null
pins/45/weight_y_direction = null
pins/45/weight_z_direction = null
pins/46/name = "RightLittleIntermediate"
pins/46/target_node = NodePath("RightLittleIntermediate")
pins/46/use_node_rotation = true
pins/46/depth_falloff = 1.0
pins/46/priority = null
pins/46/weight_translation = null
pins/46/weight_x_direction = null
pins/46/weight_y_direction = null
pins/46/weight_z_direction = null
pins/47/name = "RightLittleDistal"
pins/47/target_node = NodePath("RightLittleDistal")
pins/47/use_node_rotation = true
pins/47/depth_falloff = 1.0
pins/47/priority = null
pins/47/weight_translation = null
pins/47/weight_x_direction = null
pins/47/weight_y_direction = null
pins/47/weight_z_direction = null
pins/48/name = "LeftUpperLeg"
pins/48/target_node = NodePath("LeftUpperLeg")
pins/48/use_node_rotation = true
pins/48/depth_falloff = 1.0
pins/48/priority = null
pins/48/weight_translation = null
pins/48/weight_x_direction = null
pins/48/weight_y_direction = null
pins/48/weight_z_direction = null
pins/49/name = "LeftLowerLeg"
pins/49/target_node = NodePath("LeftLowerLeg")
pins/49/use_node_rotation = true
pins/49/depth_falloff = 1.0
pins/49/priority = null
pins/49/weight_translation = null
pins/49/weight_x_direction = null
pins/49/weight_y_direction = null
pins/49/weight_z_direction = null
pins/50/name = "LeftFoot"
pins/50/target_node = NodePath("LeftFoot")
pins/50/use_node_rotation = true
pins/50/depth_falloff = 1.0
pins/50/priority = null
pins/50/weight_translation = null
pins/50/weight_x_direction = null
pins/50/weight_y_direction = null
pins/50/weight_z_direction = null
pins/51/name = "LeftToes"
pins/51/target_node = NodePath("LeftToes")
pins/51/use_node_rotation = true
pins/51/depth_falloff = 1.0
pins/51/priority = null
pins/51/weight_translation = null
pins/51/weight_x_direction = null
pins/51/weight_y_direction = null
pins/51/weight_z_direction = null
pins/52/name = "RightUpperLeg"
pins/52/target_node = NodePath("RightUpperLeg")
pins/52/use_node_rotation = true
pins/52/depth_falloff = 1.0
pins/52/priority = null
pins/52/weight_translation = null
pins/52/weight_x_direction = null
pins/52/weight_y_direction = null
pins/52/weight_z_direction = null
pins/53/name = "RightLowerLeg"
pins/53/target_node = NodePath("RightLowerLeg")
pins/53/use_node_rotation = true
pins/53/depth_falloff = 1.0
pins/53/priority = null
pins/53/weight_translation = null
pins/53/weight_x_direction = null
pins/53/weight_y_direction = null
pins/53/weight_z_direction = null
pins/54/name = "RightFoot"
pins/54/target_node = NodePath("RightFoot")
pins/54/use_node_rotation = true
pins/54/depth_falloff = 1.0
pins/54/priority = null
pins/54/weight_translation = null
pins/54/weight_x_direction = null
pins/54/weight_y_direction = null
pins/54/weight_z_direction = null
pins/55/name = "RightToes"
pins/55/target_node = NodePath("RightToes")
pins/55/use_node_rotation = true
pins/55/depth_falloff = 1.0
pins/55/priority = null
pins/55/weight_translation = null
pins/55/weight_x_direction = null
pins/55/weight_y_direction = null
pins/55/weight_z_direction = null

[node name="Root" type="Node3D" parent="v_sekai_adult-female/GeneralSkeleton" index="2"]
transform = Transform3D(1, 0, 0, 0, 1, 0, 0, 0, 1, 0.489634, 0, 0)

[node name="Hips" type="Node3D" parent="v_sekai_adult-female/GeneralSkeleton" index="3"]
transform = Transform3D(1, 1.51638e-06, -9.06023e-05, -1.51639e-06, -0.999387, -0.0334613, -9.06071e-05, 0.0334613, -0.999387, -0.000277808, 0.918146, 0.0242466)

[node name="Spine" type="Node3D" parent="v_sekai_adult-female/GeneralSkeleton" index="4"]
transform = Transform3D(1, 9.47784e-09, -4.44561e-09, -9.1627e-09, 0.99523, 0.0970115, -4.27826e-09, -0.0970115, 0.99523, -0.0341691, 1.00721, 0.015565)

[node name="Chest" type="Node3D" parent="v_sekai_adult-female/GeneralSkeleton" index="5"]
transform = Transform3D(1, -5.51749e-07, -3.40297e-08, 5.52075e-07, 0.994391, 0.105267, -3.38642e-08, -0.105267, 0.994391, -0.000277805, 1.22988, -0.00613972)

[node name="UpperChest" type="Node3D" parent="v_sekai_adult-female/GeneralSkeleton" index="6"]

[node name="Neck" type="Node3D" parent="v_sekai_adult-female/GeneralSkeleton" index="7"]
transform = Transform3D(1, 1.13295e-06, -1.38092e-07, -1.13418e-06, 0.972673, -0.23195, -1.38091e-07, 0.23195, 0.972673, -0.000277852, 1.36348, -0.0191624)

[node name="Head" type="Node3D" parent="v_sekai_adult-female/GeneralSkeleton" index="8"]
transform = Transform3D(0.999999, -0.00128334, 0.00035881, 0.00128327, 0.854943, -0.518618, 0.000358788, 0.518618, 0.854944, -0.000277752, 1.44943, 0.00133456)

[node name="LeftEye" type="Node3D" parent="v_sekai_adult-female/GeneralSkeleton" index="9"]
transform = Transform3D(0.999999, -0.00128334, 0.000358817, -0.000358793, -0.518618, -0.854944, 0.00128326, 0.854943, -0.518618, 0.0257317, 1.52207, 0.0998577)

[node name="RightEye" type="Node3D" parent="v_sekai_adult-female/GeneralSkeleton" index="10"]
transform = Transform3D(0.999999, -0.00128334, 0.000358817, -0.000358793, -0.518618, -0.854944, 0.00128326, 0.854943, -0.518618, -0.026775, 1.52207, 0.0998577)

[node name="Jaw" type="Node3D" parent="v_sekai_adult-female/GeneralSkeleton" index="11"]

[node name="LeftShoulder" type="Node3D" parent="v_sekai_adult-female/GeneralSkeleton" index="12"]
transform = Transform3D(0.00353518, 0.947406, 0.320016, -0.00057926, -0.319999, 0.947362, 0.999941, -0.00353456, -0.000582583, 0.046388, 1.3476, -0.0193356)

[node name="LeftUpperArm" type="Node3D" parent="v_sekai_adult-female/GeneralSkeleton" index="13"]
transform = Transform3D(0.032789, 0.99905, -0.0287165, -0.000472648, -0.0287149, -0.999535, -0.999409, 0.0327872, -0.000469243, 0.139228, 1.31625, -0.019682)

[node name="LeftLowerArm" type="Node3D" parent="v_sekai_adult-female/GeneralSkeleton" index="14"]
transform = Transform3D(-0.00831191, 0.999316, -0.0360407, -0.999913, -0.00831138, 0.000151529, -0.000148015, 0.0360386, 0.999298, 0.367181, 1.30969, -0.0122009)

[node name="LeftHand" type="Node3D" parent="v_sekai_adult-female/GeneralSkeleton" index="15"]
transform = Transform3D(0.267217, 0.963597, -0.00876411, -0.00119437, -0.00876312, -0.999908, -0.963585, 0.267202, -0.00119061, 0.583138, 1.3079, -0.00441279)

[node name="LeftThumbMetacarpal" type="Node3D" parent="v_sekai_adult-female/GeneralSkeleton" index="16"]
transform = Transform3D(0.462603, 0.649573, 0.602524, 0.846054, -0.120996, -0.518541, -0.264208, 0.749761, -0.605637, 0.611516, 1.30104, 0.0242896)

[node name="LeftThumbProximal" type="Node3D" parent="v_sekai_adult-female/GeneralSkeleton" index="17"]
transform = Transform3D(0.586172, 0.454922, 0.669648, 0.791869, -0.148366, -0.591831, -0.170148, 0.877358, -0.447255, 0.632803, 1.29708, 0.04886)

[node name="LeftThumbDistal" type="Node3D" parent="v_sekai_adult-female/GeneralSkeleton" index="18"]
transform = Transform3D(0.501328, 0.564311, 0.655137, 0.827659, -0.092746, -0.552912, -0.251532, 0.819553, -0.513623, 0.646335, 1.29266, 0.074958)

[node name="LeftIndexProximal" type="Node3D" parent="v_sekai_adult-female/GeneralSkeleton" index="19"]
transform = Transform3D(0.275735, 0.958094, 0.0776353, 0.0109301, 0.0776317, -0.996869, -0.961121, 0.27572, 0.0109338, 0.669147, 1.31043, 0.0428049)

[node name="LeftIndexIntermediate" type="Node3D" parent="v_sekai_adult-female/GeneralSkeleton" index="20"]
transform = Transform3D(0.164554, 0.983135, -0.0797987, -0.00662288, -0.0797942, -0.996737, -0.986294, 0.164545, -0.00661908, 0.692309, 1.31231, 0.0494704)

[node name="LeftIndexDistal" type="Node3D" parent="v_sekai_adult-female/GeneralSkeleton" index="21"]
transform = Transform3D(-0.113841, 0.96279, -0.245103, 0.0142132, -0.24509, -0.969342, -0.993345, -0.113834, 0.014217, 0.714935, 1.31047, 0.0532574)

[node name="LeftMiddleProximal" type="Node3D" parent="v_sekai_adult-female/GeneralSkeleton" index="22"]
transform = Transform3D(0.151707, 0.987237, 0.0484577, 0.00369729, 0.0484555, -0.998766, -0.988366, 0.151699, 0.00370109, 0.677649, 1.31173, 0.0249429)

[node name="LeftMiddleIntermediate" type="Node3D" parent="v_sekai_adult-female/GeneralSkeleton" index="23"]
transform = Transform3D(0.0757524, 0.994057, -0.0781778, -0.00297158, -0.0781735, -0.996883, -0.99707, 0.0757485, -0.00296776, 0.702999, 1.31298, 0.0288383)

[node name="LeftMiddleDistal" type="Node3D" parent="v_sekai_adult-female/GeneralSkeleton" index="24"]
transform = Transform3D(-0.33736, 0.941232, -0.0164357, 0.00285441, -0.0164355, -0.999808, -0.941322, -0.337342, 0.00285814, 0.726727, 1.31111, 0.0306464)

[node name="LeftRingProximal" type="Node3D" parent="v_sekai_adult-female/GeneralSkeleton" index="25"]
transform = Transform3D(0.00147226, 0.995815, 0.0913828, 6.55639e-05, 0.091378, -0.995763, -0.999946, 0.00147189, 6.93803e-05, 0.679087, 1.30809, 0.00673578)

[node name="LeftRingIntermediate" type="Node3D" parent="v_sekai_adult-female/GeneralSkeleton" index="26"]
transform = Transform3D(-0.00899965, 0.999882, 0.0124458, -5.78453e-05, 0.0124452, -0.99987, -0.999907, -0.00899931, -5.40165e-05, 0.702574, 1.31025, 0.0067705)

[node name="LeftRingDistal" type="Node3D" parent="v_sekai_adult-female/GeneralSkeleton" index="27"]
transform = Transform3D(-0.0412705, 0.993827, 0.102985, -0.00213343, 0.102979, -0.994628, -0.999093, -0.0412686, -0.00212962, 0.724381, 1.31052, 0.00657422)

[node name="LeftLittleProximal" type="Node3D" parent="v_sekai_adult-female/GeneralSkeleton" index="28"]
transform = Transform3D(-0.126975, 0.990629, 0.0503147, -0.00321105, 0.0503118, -0.998676, -0.991848, -0.126969, -0.00320725, 0.67444, 1.30459, -0.0109757)

[node name="LeftLittleIntermediate" type="Node3D" parent="v_sekai_adult-female/GeneralSkeleton" index="29"]
transform = Transform3D(-0.0670626, 0.99756, -0.0194122, 0.000649842, -0.0194112, -0.999759, -0.997696, -0.0670591, 0.000653657, 0.693113, 1.30554, -0.0133691)

[node name="LeftLittleDistal" type="Node3D" parent="v_sekai_adult-female/GeneralSkeleton" index="30"]
transform = Transform3D(0.0195863, 0.999409, -0.028234, -0.000278402, -0.0282325, -0.999549, -0.999755, 0.0195852, -0.000274584, 0.70871, 1.30524, -0.0144175)

[node name="RightShoulder" type="Node3D" parent="v_sekai_adult-female/GeneralSkeleton" index="31"]
transform = Transform3D(-0.00353506, -0.947406, -0.320016, -0.000582561, -0.319999, 0.947362, -0.999941, 0.00353547, 0.000579283, -0.0469437, 1.3476, -0.0189892)

[node name="RightUpperArm" type="Node3D" parent="v_sekai_adult-female/GeneralSkeleton" index="32"]
transform = Transform3D(0.0416731, -0.998485, 0.0359217, 0.000750667, -0.0359198, -0.999301, 0.999078, 0.041671, -0.000747329, -0.139784, 1.31625, -0.0186427)

[node name="RightLowerArm" type="Node3D" parent="v_sekai_adult-female/GeneralSkeleton" index="33"]
transform = Transform3D(-0.00946925, -0.998931, 0.0452381, 0.999902, -0.00946877, 0.000216081, 0.000212475, 0.0452358, 0.998923, -0.367598, 1.30805, -0.00913506)

[node name="RightHand" type="Node3D" parent="v_sekai_adult-female/GeneralSkeleton" index="34"]
transform = Transform3D(0.261459, -0.965187, -0.00737277, -0.000979031, 0.00737276, -0.999919, 0.965163, 0.261445, 0.000982725, -0.583496, 1.306, 0.00064171)

[node name="RightThumbMetacarpal" type="Node3D" parent="v_sekai_adult-female/GeneralSkeleton" index="35"]
transform = Transform3D(0.449969, -0.656581, -0.604483, -0.849262, -0.10587, -0.516607, 0.27549, 0.745935, -0.605338, -0.612759, 1.29962, 0.0300869)

[node name="RightThumbProximal" type="Node3D" parent="v_sekai_adult-female/GeneralSkeleton" index="36"]
transform = Transform3D(0.559656, -0.504528, -0.656664, -0.805383, -0.145579, -0.574023, 0.194292, 0.850284, -0.48787, -0.634833, 1.29606, 0.0551649)

[node name="RightThumbDistal" type="Node3D" parent="v_sekai_adult-female/GeneralSkeleton" index="37"]
transform = Transform3D(0.581002, -0.455139, -0.673985, -0.794035, -0.136516, -0.591784, 0.177609, 0.879168, -0.440759, -0.649841, 1.29173, 0.0804583)

[node name="RightIndexProximal" type="Node3D" parent="v_sekai_adult-female/GeneralSkeleton" index="38"]
transform = Transform3D(0.283578, -0.957497, -0.0527563, -0.00764045, 0.0527539, -0.998525, 0.958868, 0.283563, 0.00764413, -0.673927, 1.31016, 0.0483325)

[node name="RightIndexIntermediate" type="Node3D" parent="v_sekai_adult-female/GeneralSkeleton" index="39"]
transform = Transform3D(0.162855, -0.98179, 0.0978052, 0.00803865, -0.0977998, -0.99512, 0.986565, 0.162847, -0.00803492, -0.696599, 1.31141, 0.0550469)

[node name="RightIndexDistal" type="Node3D" parent="v_sekai_adult-female/GeneralSkeleton" index="40"]
transform = Transform3D(-0.165423, -0.943828, 0.286049, -0.0243401, -0.286034, -0.957855, 0.98587, -0.165414, 0.0243438, -0.718545, 1.30923, 0.0586869)

[node name="RightMiddleProximal" type="Node3D" parent="v_sekai_adult-female/GeneralSkeleton" index="41"]
transform = Transform3D(0.132312, -0.991162, 0.00955822, 0.000636973, -0.00955757, -0.999901, 0.991155, 0.132305, -0.00063324, -0.67979, 1.3118, 0.0301126)

[node name="RightMiddleIntermediate" type="Node3D" parent="v_sekai_adult-female/GeneralSkeleton" index="42"]
transform = Transform3D(0.0503872, -0.994943, 0.0868915, 0.00219642, -0.0868869, -0.996162, 0.998674, 0.0503848, -0.00219268, -0.705342, 1.31156, 0.0335233)

[node name="RightMiddleDistal" type="Node3D" parent="v_sekai_adult-female/GeneralSkeleton" index="43"]
transform = Transform3D(-0.216733, -0.975785, 0.0295257, -0.00323683, -0.0295247, -0.999506, 0.976174, -0.216721, 0.00324051, -0.729326, 1.30946, 0.0347379)

[node name="RightRingProximal" type="Node3D" parent="v_sekai_adult-female/GeneralSkeleton" index="44"]
transform = Transform3D(0.0147812, -0.996132, -0.0866142, -0.000639477, 0.0866095, -0.996189, 0.999838, 0.0147803, 0.000643198, -0.681471, 1.30746, 0.0113373)

[node name="RightRingIntermediate" type="Node3D" parent="v_sekai_adult-female/GeneralSkeleton" index="45"]
transform = Transform3D(-0.00103513, -0.999733, 0.0230802, -1.00786e-05, -0.0230791, -0.99968, 0.999946, -0.00103499, 1.38172e-05, -0.704516, 1.30947, 0.0116792)

[node name="RightRingDistal" type="Node3D" parent="v_sekai_adult-female/GeneralSkeleton" index="46"]
transform = Transform3D(-0.078536, -0.98852, -0.129079, 0.00509953, 0.129072, -0.991568, 0.996845, -0.0785321, -0.00509584, -0.726947, 1.30895, 0.011656)

[node name="RightLittleProximal" type="Node3D" parent="v_sekai_adult-female/GeneralSkeleton" index="47"]
transform = Transform3D(-0.139937, -0.990149, -0.00471659, 0.000333464, 0.00471597, -0.999936, 0.990108, -0.13993, -0.00032976, -0.676701, 1.30409, -0.00635815)

[node name="RightLittleIntermediate" type="Node3D" parent="v_sekai_adult-female/GeneralSkeleton" index="48"]
transform = Transform3D(-0.0657804, -0.99761, 0.0211715, -0.000695275, -0.0211706, -0.999722, 0.997781, -0.0657769, 0.000699003, -0.695595, 1.30418, -0.00902833)

[node name="RightLittleDistal" type="Node3D" parent="v_sekai_adult-female/GeneralSkeleton" index="49"]
transform = Transform3D(0.093948, -0.993848, -0.0586476, -0.0027614, 0.0586446, -0.998222, 0.99552, 0.0939429, 0.00276513, -0.711284, 1.30384, -0.0100628)

[node name="LeftUpperLeg" type="Node3D" parent="v_sekai_adult-female/GeneralSkeleton" index="50"]
transform = Transform3D(-0.998509, -0.0545742, -0.00143605, 0.0545713, -0.997073, -0.0525471, 0.00143588, -0.0525471, 0.998564, 0.0896698, 0.868703, 0.0287443)

[node name="LeftLowerLeg" type="Node3D" parent="v_sekai_adult-female/GeneralSkeleton" index="51"]
transform = Transform3D(0.999956, -0.00942158, 0.000143147, -0.00942108, -0.999441, 0.030375, -0.000143123, -0.030375, -0.999485, 0.0667608, 0.450154, 0.00668621)

[node name="LeftFoot" type="Node3D" parent="v_sekai_adult-female/GeneralSkeleton" index="52"]
transform = Transform3D(-0.999894, 0.0140097, 0.0040821, -0.00408187, -0.53709, 0.843452, 0.014009, 0.843346, 0.53709, 0.0632434, 0.0770296, -0.00465377)

[node name="LeftToes" type="Node3D" parent="v_sekai_adult-female/GeneralSkeleton" index="53"]
transform = Transform3D(0.997645, 0.0685627, -0.00197146, 0.00197125, -0.0573884, -0.998297, -0.0685591, 0.995942, -0.0573885, 0.0649985, 0.00974314, 0.101)

