[gd_scene load_steps=2 format=3 uid="uid://deo0sj1ht53aq"]

[ext_resource type="PackedScene" uid="uid://dyq3gp5ilklbv" path="res://ewbik_samples/art/v_sekai_adult-female.vrm" id="1_ctpwx"]

[node name="Node3D" type="Node3D"]

[node name="leftHand" type="BoneAttachment3D" parent="."]
transform = Transform3D(0.0632717, -0.963597, -0.259765, 0.963597, -0.00876416, 0.267216, -0.259765, -0.267216, 0.927964, -0.583138, 1.30792, 0.00441364)
bone_name = "LeftHand"
bone_idx = 12

[node name="rightHand" type="BoneAttachment3D" parent="."]
transform = Transform3D(0.0752328, 0.965186, 0.250509, -0.965187, 0.00737242, 0.261459, 0.250509, -0.261459, 0.93214, 0.583496, 1.30603, -0.00064114)
bone_name = "RightHand"
bone_idx = 36

[node name="leftFoot" type="BoneAttachment3D" parent="."]
transform = Transform3D(0.999576, -0.0140097, -0.0255263, 0.0140097, -0.53712, 0.843389, -0.0255264, -0.843389, -0.536696, -0.0632434, 0.0769851, 0.00465671)
bone_name = "LeftFoot"
bone_idx = 59

[node name="rightFoot" type="BoneAttachment3D" parent="."]
transform = Transform3D(0.999591, 0.0137705, 0.0250486, -0.0137706, -0.535923, 0.844154, 0.0250486, -0.844154, -0.535515, 0.0637956, 0.0769886, 0.00409041)
bone_name = "RightFoot"
bone_idx = 64

[node name="head" type="BoneAttachment3D" parent="."]
transform = Transform3D(0.999999, 0.00128333, 0.000358814, -0.00128333, 0.854988, 0.518647, 0.000358814, -0.518646, 0.854989, 0.000277752, 1.44946, -0.00133423)
bone_name = "Head"
bone_idx = 5

[node name="hips" type="BoneAttachment3D" parent="."]
transform = Transform3D(1, -1.51635e-06, -9.06072e-05, 1.51635e-06, -0.99944, 0.0334614, -9.06072e-05, -0.0334614, -0.99944, 0.000277808, 0.918146, -0.0242466)
bone_name = "Hips"
bone_idx = 0

[node name="v_sekai_adult-female" parent="." instance=ExtResource("1_ctpwx")]

[node name="GeneralSkeleton" parent="v_sekai_adult-female" index="0"]
bones/0/rotation = Quaternion(0.99986, 1.89315e-11, -4.53099e-05, 0.0167339)
bones/0/scale = Vector3(1, 0.999947, 0.999947)

[node name="EWBIK2" type="EWBIK" parent="."]
root_bone = &"Hips"
skeleton = NodePath("../v_sekai_adult-female/GeneralSkeleton")

[editable path="v_sekai_adult-female"]
