[gd_scene load_steps=3 format=3 uid="uid://cmvbdl3wy3l47"]

[ext_resource type="PackedScene" uid="uid://dyq3gp5ilklbv" path="res://ewbik_samples/art/v_sekai_adult-female.vrm" id="1_xd44k"]

[sub_resource type="SkeletonProfileHumanoid" id="SkeletonProfileHumanoid_v670g"]

[node name="v_sekai_adult-female" instance=ExtResource("1_xd44k")]

[node name="Skeleton3D" parent="." index="0"]
bones/0/rotation = Quaternion(0.99986, -1.89315e-11, -4.53099e-05, -0.0167339)
bones/0/scale = Vector3(1, 0.999947, 0.999947)
bones/1/position = Vector3(-8.99675e-06, -0.0893214, -0.00570332)
bones/1/rotation = Quaternion(0.999483, 0.000213036, -3.70753e-05, -0.0321364)
bones/1/scale = Vector3(1, 1, 1)
bones/2/position = Vector3(9.78398e-07, 0.103884, -3.40492e-06)
bones/2/rotation = Quaternion(-0.000294413, -1.32144e-06, 0.000215283, 1)
bones/2/scale = Vector3(1, 1, 1)
bones/3/position = Vector3(2.37487e-08, 0.119587, -2.44826e-05)
bones/3/rotation = Quaternion(0.0140374, 0.0122015, 0.0185661, 0.999655)
bones/3/scale = Vector3(1, 1, 1)
bones/4/position = Vector3(1.24909e-05, 0.135804, -0.00109376)
bones/4/rotation = Quaternion(-0.194857, -0.0156281, -0.0480867, 0.979527)
bones/4/scale = Vector3(1, 1, 1)
bones/5/position = Vector3(-7.80448e-05, 0.0885167, -3.92497e-05)
bones/5/rotation = Quaternion(-0.138299, -0.00238915, 0.0277351, 0.989999)
bones/5/scale = Vector3(1, 1, 1)
bones/9/position = Vector3(-0.0467555, 0.118192, 0.00076589)
bones/9/rotation = Quaternion(-0.0270499, 0.039728, 0.828576, 0.55781)
bones/9/scale = Vector3(1, 1, 1)
bones/10/position = Vector3(-0.000113368, 0.0981813, -6.92159e-06)
bones/10/rotation = Quaternion(-0.032734, 0.0323158, -0.264296, 0.963344)
bones/10/scale = Vector3(0.999999, 0.999999, 1)
bones/11/position = Vector3(-6.16312e-05, 0.228695, -8.48621e-06)
bones/11/rotation = Quaternion(0.0112012, 0.00608039, 0.106038, 0.99428)
bones/11/scale = Vector3(1, 0.999999, 1)
bones/12/position = Vector3(0.000526428, 0.217233, 3.33786e-06)
bones/12/rotation = Quaternion(-0.112402, 0.122043, -0.0639391, 0.984065)
bones/12/scale = Vector3(1, 1, 0.999999)
bones/33/position = Vector3(0.0469329, 0.119661, 0.000335559)
bones/33/rotation = Quaternion(-0.0403706, -0.0318374, -0.76035, 0.647475)
bones/33/scale = Vector3(1, 1, 1)
bones/34/position = Vector3(-0.000660181, 0.0980184, -1.57021e-06)
bones/34/rotation = Quaternion(0.00604175, -0.0229365, 0.00955946, 0.999673)
bones/34/scale = Vector3(0.999999, 1, 0.999998)
bones/35/position = Vector3(0.00012517, 0.22911, 2.24635e-06)
bones/35/rotation = Quaternion(-0.00557519, -0.010271, 0.0257387, 0.9996)
bones/35/scale = Vector3(1, 1, 0.999996)
bones/36/position = Vector3(-0.000341535, 0.215987, 2.23815e-05)
bones/36/rotation = Quaternion(-0.104069, -0.111841, 0.0443327, 0.987267)
bones/36/scale = Vector3(0.999997, 1, 1)
bones/57/position = Vector3(-0.0882544, 0.0495785, 0.00284892)
bones/57/rotation = Quaternion(-0.0480619, -0.720428, 0.0133244, 0.691734)
bones/57/scale = Vector3(0.999999, 1.00001, 0.999995)
bones/58/position = Vector3(1.20699e-06, 0.42014, 0.000171639)
bones/58/rotation = Quaternion(0.0233195, 0.483017, -0.000542898, 0.8753)
bones/58/scale = Vector3(1, 1, 1.00002)
bones/59/position = Vector3(-5.19082e-05, 0.372869, 4.59887e-06)
bones/59/rotation = Quaternion(0.473449, 0.24583, -0.142687, 0.833699)
bones/59/scale = Vector3(1, 0.999997, 0.999997)
bones/62/position = Vector3(0.090325, 0.0495788, 0.00284778)
bones/62/rotation = Quaternion(-0.0492865, 0.724517, -0.0119715, 0.687388)
bones/62/scale = Vector3(1, 1, 1)
bones/63/position = Vector3(1.58381e-05, 0.420151, -0.000196006)
bones/63/rotation = Quaternion(0.0252955, -0.482398, -2.16566e-05, 0.875587)
bones/63/scale = Vector3(1, 1, 0.999998)
bones/64/position = Vector3(6.22869e-06, 0.372932, 8.36886e-06)
bones/64/rotation = Quaternion(0.472757, -0.25142, 0.145917, 0.831864)
bones/64/scale = Vector3(1, 0.999999, 0.999999)

[node name="EWBIK" type="EWBIK" parent="Skeleton3D" index="57"]
budget_millisecond = 2.0
default_damp = 0.0174533
skeleton = NodePath("..")
skeleton_profile = SubResource("SkeletonProfileHumanoid_v670g")
constraint_count = 1
constraints/0/name = &"Hips"
constraints/0/kusudama_flip_handedness = false
constraints/0/kusudama_twist_from = -0.00872665
constraints/0/kusudama_twist_to = 0.00872665
constraints/0/kusudama_limit_cone_count = 0
pin_count = 7
pins/0/name = "Hips"
pins/0/target_node = NodePath("../../Hips")
pins/0/use_node_rotation = true
pins/0/depth_falloff = 0.0
pins/0/priority = null
pins/0/weight_translation = null
pins/0/weight_x_direction = null
pins/0/weight_y_direction = null
pins/0/weight_z_direction = null
pins/1/name = "Spine1"
pins/1/target_node = NodePath("../../Spine")
pins/1/use_node_rotation = true
pins/1/depth_falloff = 57.2958
pins/1/priority = null
pins/1/weight_translation = null
pins/1/weight_x_direction = null
pins/1/weight_y_direction = null
pins/1/weight_z_direction = null
pins/2/name = "Head"
pins/2/target_node = NodePath("../../Head")
pins/2/use_node_rotation = true
pins/2/depth_falloff = 57.2958
pins/2/priority = null
pins/2/weight_translation = null
pins/2/weight_x_direction = null
pins/2/weight_y_direction = null
pins/2/weight_z_direction = null
pins/3/name = "LeftHand"
pins/3/target_node = NodePath("../../LeftHand")
pins/3/use_node_rotation = true
pins/3/depth_falloff = 57.2958
pins/3/priority = null
pins/3/weight_translation = null
pins/3/weight_x_direction = null
pins/3/weight_y_direction = null
pins/3/weight_z_direction = null
pins/4/name = "RightHand"
pins/4/target_node = NodePath("../../RightHand")
pins/4/use_node_rotation = true
pins/4/depth_falloff = 57.2958
pins/4/priority = null
pins/4/weight_translation = null
pins/4/weight_x_direction = null
pins/4/weight_y_direction = null
pins/4/weight_z_direction = null
pins/5/name = "LeftFoot"
pins/5/target_node = NodePath("../../LeftFoot")
pins/5/use_node_rotation = true
pins/5/depth_falloff = 57.2958
pins/5/priority = null
pins/5/weight_translation = null
pins/5/weight_x_direction = null
pins/5/weight_y_direction = null
pins/5/weight_z_direction = null
pins/6/name = "RightFoot"
pins/6/target_node = NodePath("../../RightFoot")
pins/6/use_node_rotation = true
pins/6/depth_falloff = 57.2958
pins/6/priority = null
pins/6/weight_translation = null
pins/6/weight_x_direction = null
pins/6/weight_y_direction = null
pins/6/weight_z_direction = null

[node name="LeftHand" type="Node3D" parent="." index="3"]
transform = Transform3D(0.0632717, -0.963597, -0.259765, 0.963546, -0.00876326, 0.267201, -0.25975, -0.267202, 0.927915, -0.583138, 1.3079, 0.00441277)

[node name="RightHand" type="Node3D" parent="." index="4"]
transform = Transform3D(0.075233, 0.965187, 0.250509, -0.965136, 0.0073726, 0.261443, 0.250495, -0.261445, 0.932091, 0.583496, 1.306, -0.000641763)

[node name="Head" type="Node3D" parent="." index="5"]
transform = Transform3D(0.999999, 0.00128334, 0.00035881, -0.00128327, 0.854943, 0.518618, 0.000358788, -0.518618, 0.854944, 0.000277752, 1.44943, -0.00133456)

[node name="Hips" type="Node3D" parent="." index="6"]
transform = Transform3D(1, -1.51638e-06, -9.06023e-05, 1.51639e-06, -0.999387, 0.0334613, -9.06071e-05, -0.0334613, -0.999387, 0.000277808, 0.918146, -0.0242466)

[node name="Spine" type="Node3D" parent="." index="7"]
transform = Transform3D(1, -8.8158e-09, -4.4778e-09, 8.50069e-09, 0.99523, -0.0970115, -4.31045e-09, 0.0970115, 0.99523, 0.000277806, 1.11112, -0.00543611)

[node name="LeftFoot" type="Node3D" parent="." index="8"]
transform = Transform3D(0.999576, -0.0140097, -0.0255263, 0.014009, -0.53709, 0.843345, -0.0255249, -0.843346, -0.536666, -0.0632434, 0.0770297, 0.00465378)

[node name="RightFoot" type="Node3D" parent="." index="9"]
transform = Transform3D(0.999591, 0.0137705, 0.0250486, -0.0137699, -0.535894, 0.84411, 0.0250473, -0.84411, -0.535485, 0.0637956, 0.0770332, 0.0040875)
